Rate	71.43
Rev Jump	14.29
Prior Change	14.29
Rate Tried	% Accepted	Rev Jump Tried	% Accepted	Prior Change Tried	% Accepted	Rates - Dev	Rates - Tried	Rates - Accepted	Sample Ave Acceptance	Total Ave Acceptance	
681	0.296623	91	0.032967	228	0.912281	0.556185	681	0.296623	0.413000	0.357422	
508	0.246063	129	0.031008	363	0.917355	0.556185	508	0.246063	0.462000	0.366136	
618	0.268608	135	0.007407	247	0.882591	0.556185	618	0.268608	0.385000	0.367587	
682	0.224340	112	0.017857	206	0.902913	0.556185	682	0.224340	0.341000	0.365688	
618	0.354369	107	0.037383	275	0.963636	0.556185	618	0.354369	0.488000	0.373842	
655	0.366412	94	0.074468	251	0.984064	0.556185	655	0.366412	0.494000	0.381351	
721	0.337032	90	0.088889	189	0.962963	0.556185	721	0.337032	0.433000	0.384389	
731	0.332421	105	0.047619	164	0.975610	0.556185	731	0.332421	0.408000	0.385701	
743	0.297443	111	0.009009	146	0.952055	0.556185	743	0.297443	0.361000	0.384401	
737	0.312076	118	0.016949	145	0.972414	0.556185	737	0.312076	0.373000	0.383831	
721	0.331484	115	0.026087	164	0.969512	0.556185	721	0.331484	0.401000	0.384648	
727	0.342503	118	0.025424	155	0.961290	0.556185	727	0.342503	0.401000	0.385392	
766	0.325065	82	0.097561	152	0.960526	0.556185	766	0.325065	0.403000	0.386157	
743	0.384926	91	0.043956	166	0.987952	0.556185	743	0.384926	0.454000	0.388984	
746	0.365952	101	0.079208	153	0.980392	0.556185	746	0.365952	0.431000	0.390664	
748	0.348930	92	0.043478	160	0.950000	0.556185	748	0.348930	0.417000	0.391677	
726	0.315427	102	0.029412	172	0.994186	0.556185	726	0.315427	0.403000	0.392097	
747	0.357430	91	0.043956	162	0.981481	0.556185	747	0.357430	0.430000	0.393450	
759	0.397892	81	0.049383	160	0.968750	0.556185	759	0.397892	0.461000	0.395779	
742	0.386792	109	0.073394	149	0.959732	0.556185	742	0.386792	0.438000	0.397187	
718	0.327298	126	0.047619	156	0.865385	0.556185	718	0.327298	0.376000	0.396503	
754	0.316976	107	0.037383	139	0.877698	0.556185	754	0.316976	0.365000	0.395519	
692	0.299133	102	0.009804	206	0.883495	0.556185	692	0.299133	0.390000	0.395352	
665	0.318797	118	0.016949	217	0.870968	0.556185	665	0.318797	0.403000	0.395577	
689	0.298984	103	0.058252	208	0.903846	0.556185	689	0.298984	0.400000	0.395703	
741	0.330634	110	0.018182	149	0.932886	0.556185	741	0.330634	0.386000	0.395433	
725	0.332414	97	0.020619	178	0.904494	0.556185	725	0.332414	0.404000	0.395665	
743	0.344549	101	0.029703	156	0.878205	0.556185	743	0.344549	0.396000	0.395674	
750	0.314667	93	0.010753	157	0.853503	0.556185	750	0.314667	0.371000	0.395041	
714	0.330532	96	0.062500	190	0.947368	0.556185	714	0.330532	0.422000	0.395715	
726	0.285124	104	0.038462	170	0.852941	0.556185	726	0.285124	0.356000	0.394746	
708	0.303672	80	0.075000	212	0.891509	0.556185	708	0.303672	0.410000	0.395110	
718	0.309192	87	0.045977	195	0.933333	0.556185	718	0.309192	0.408000	0.395409	
709	0.300423	93	0.010753	198	0.904040	0.556185	709	0.300423	0.393000	0.395355	
620	0.251613	105	0.028571	275	0.941818	0.556185	620	0.251613	0.418000	0.395858	
677	0.316100	108	0.037037	215	0.953488	0.556185	677	0.316100	0.423000	0.396448	
650	0.275385	103	0.048544	247	0.935223	0.556185	650	0.275385	0.415000	0.396843	
714	0.287115	81	0.037037	205	0.887805	0.556185	714	0.287115	0.390000	0.396700	
749	0.329773	84	0.023810	167	0.952096	0.556185	749	0.329773	0.408000	0.396931	
722	0.328255	108	0.037037	170	0.935294	0.556185	722	0.328255	0.400000	0.396992	
733	0.334243	106	0.028302	161	0.919255	0.556185	733	0.334243	0.396000	0.396973	
712	0.316011	114	0.008772	174	0.862069	0.556185	712	0.316011	0.376000	0.396569	
735	0.346939	82	0.048780	183	0.967213	0.556185	735	0.346939	0.436000	0.397313	
739	0.331529	89	0.044944	172	0.906977	0.556185	739	0.331529	0.405000	0.397456	
756	0.302910	77	0.025974	167	0.922156	0.556185	756	0.302910	0.385000	0.397229	
746	0.340483	89	0.033708	165	0.872727	0.556185	746	0.340483	0.401000	0.397296	
740	0.297297	89	0.033708	171	0.883041	0.556185	740	0.297297	0.374000	0.396888	
729	0.310014	81	0.049383	190	0.963158	0.556185	729	0.310014	0.413000	0.397166	
738	0.295393	80	0.050000	182	0.906593	0.556185	738	0.295393	0.387000	0.396993	
686	0.330904	108	0.074074	206	0.932039	0.556185	686	0.330904	0.427000	0.397493	
775	0.307097	73	0.027397	152	0.921053	0.556185	775	0.307097	0.380000	0.397207	
729	0.288066	78	0.076923	193	0.896373	0.556185	729	0.288066	0.389000	0.397074	
722	0.329640	84	0.071429	194	0.850515	0.556185	722	0.329640	0.409000	0.397264	
696	0.301724	90	0.033333	214	0.920561	0.556185	696	0.301724	0.410000	0.397463	
630	0.273016	111	0.054054	259	0.972973	0.556185	630	0.273016	0.430000	0.397963	
637	0.265306	102	0.019608	261	0.942529	0.556185	637	0.265306	0.417000	0.398252	
715	0.321678	100	0.020000	185	0.870270	0.556185	715	0.321678	0.393000	0.398173	
706	0.298867	66	0.060606	228	0.881579	0.556185	706	0.298867	0.416000	0.398435	
757	0.284016	73	0.082192	170	0.888235	0.556185	757	0.284016	0.372000	0.398052	
736	0.316576	90	0.022222	174	0.942529	0.556185	736	0.316576	0.399000	0.398066	
749	0.311081	94	0.042553	157	0.936306	0.556185	749	0.311081	0.384000	0.397868	
731	0.339261	95	0.042105	174	0.885057	0.556185	731	0.339261	0.406000	0.397981	
755	0.319205	82	0.012195	163	0.926380	0.556185	755	0.319205	0.393000	0.397912	
740	0.289189	89	0.033708	171	0.935673	0.556185	740	0.289189	0.377000	0.397630	
737	0.306649	90	0.033333	173	0.982659	0.556185	737	0.306649	0.399000	0.397648	
740	0.266216	82	0.060976	178	0.966292	0.556185	740	0.266216	0.374000	0.397337	
703	0.312945	88	0.079545	209	0.923445	0.556185	703	0.312945	0.420000	0.397631	
716	0.318436	82	0.073171	202	0.886139	0.556185	716	0.318436	0.413000	0.397828	
705	0.317730	94	0.074468	201	0.905473	0.556185	705	0.317730	0.413000	0.398020	
697	0.325681	85	0.070588	218	0.940367	0.556185	697	0.325681	0.438000	0.398520	
721	0.299584	88	0.079545	191	0.926702	0.556185	721	0.299584	0.400000	0.398538	
681	0.284875	87	0.034483	232	0.892241	0.556185	681	0.284875	0.404000	0.398605	
634	0.348580	94	0.063830	272	0.933824	0.556185	634	0.348580	0.481000	0.399598	
646	0.376161	74	0.054054	280	0.939286	0.556185	646	0.376161	0.510000	0.400912	
633	0.333333	99	0.141414	268	0.861940	0.556185	633	0.333333	0.456000	0.401560	
456	0.449561	149	0.040268	395	0.860759	0.556185	456	0.449561	0.551000	0.403298	
347	0.158501	150	0.040000	503	0.872763	1.024560	347	0.158501	0.500000	0.404409	
510	0.229412	155	0.051613	335	0.862687	0.791606	510	0.229412	0.414000	0.404518	
729	0.203018	109	0.064220	162	0.907407	0.791606	729	0.203018	0.302000	0.403366	
726	0.163912	118	0.093220	156	0.897436	0.791606	726	0.163912	0.270000	0.401884	
639	0.286385	102	0.039216	259	0.938224	0.650893	639	0.286385	0.430000	0.402193	
720	0.261111	97	0.041237	183	0.967213	0.650893	720	0.261111	0.369000	0.401833	
725	0.315862	120	0.033333	155	0.948387	0.650893	725	0.315862	0.380000	0.401598	
672	0.269345	119	0.050420	209	0.875598	0.650893	672	0.269345	0.370000	0.401262	
669	0.301943	116	0.068966	215	0.953488	0.650893	669	0.301943	0.415000	0.401406	
706	0.284703	114	0.070175	180	0.966667	0.650893	706	0.284703	0.383000	0.401215	
747	0.278447	95	0.073684	158	0.981013	0.650893	747	0.278447	0.370000	0.400893	
766	0.300261	94	0.042553	140	0.985714	0.650893	766	0.300261	0.372000	0.400598	
744	0.294355	119	0.016807	137	0.978102	0.650893	744	0.294355	0.355000	0.400137	
716	0.265363	112	0.053571	172	0.994186	0.650893	716	0.265363	0.367000	0.399806	
654	0.247706	108	0.074074	238	0.995798	0.650893	654	0.247706	0.407000	0.399877	
720	0.280556	94	0.074468	186	0.973118	0.650893	720	0.280556	0.390000	0.399780	
757	0.276090	94	0.021277	149	0.959732	0.650893	757	0.276090	0.354000	0.399336	
743	0.286676	94	0.021277	163	0.957055	0.650893	743	0.286676	0.371000	0.399063	
704	0.241477	101	0.049505	195	0.958974	0.650893	704	0.241477	0.362000	0.398710	
699	0.240343	128	0.015625	173	0.930636	0.650893	699	0.240343	0.331000	0.398072	
721	0.289875	102	0.039216	177	0.915254	0.650893	721	0.289875	0.375000	0.397856	
765	0.287582	96	0.031250	139	0.935252	0.650893	765	0.287582	0.353000	0.397441	
707	0.311174	116	0.034483	177	0.920904	0.650893	707	0.311174	0.387000	0.397345	
685	0.239416	118	0.025424	197	0.959391	0.650893	685	0.239416	0.356000	0.396969	
690	0.252174	70	0.057143	240	0.937500	0.650893	690	0.252174	0.403000	0.397023	
716	0.247207	93	0.043011	191	0.937173	0.650893	716	0.247207	0.360000	0.396693	
749	0.265688	101	0.039604	150	0.933333	0.650893	749	0.265688	0.343000	0.396218	
752	0.279255	95	0.010526	153	0.928105	0.650893	752	0.279255	0.353000	0.395839	
725	0.267586	109	0.018349	166	0.951807	0.650893	725	0.267586	0.354000	0.395475	
664	0.301205	113	0.035398	223	0.937220	0.650893	664	0.301205	0.413000	0.395626	
717	0.309623	137	0.029197	146	0.883562	0.650893	717	0.309623	0.355000	0.395279	
679	0.316642	94	0.053191	227	0.925110	0.650893	679	0.316642	0.430000	0.395573	
723	0.286307	121	0.074380	156	0.929487	0.650893	723	0.286307	0.361000	0.395282	
728	0.288462	105	0.038095	167	0.952096	0.650893	728	0.288462	0.373000	0.395097	
758	0.319261	109	0.082569	133	0.969925	0.650893	758	0.319261	0.380000	0.394972	
766	0.322454	99	0.060606	135	0.948148	0.650893	766	0.322454	0.381000	0.394857	
722	0.307479	125	0.032000	153	0.960784	0.650893	722	0.307479	0.373000	0.394680	
673	0.319465	111	0.018018	216	0.981481	0.650893	673	0.319465	0.429000	0.394956	
755	0.266225	116	0.068966	129	0.976744	0.650893	755	0.266225	0.335000	0.394477	
689	0.256894	111	0.036036	200	0.910000	0.650893	689	0.256894	0.363000	0.394227	
692	0.273121	123	0.032520	185	0.940541	0.650893	692	0.273121	0.367000	0.394013	
747	0.273092	101	0.029703	152	0.973684	0.650893	747	0.273092	0.355000	0.393708	
734	0.277929	102	0.019608	164	0.951220	0.650893	734	0.277929	0.362000	0.393462	
717	0.285914	93	0.021505	190	0.952632	0.650893	717	0.285914	0.388000	0.393420	
724	0.308011	123	0.073171	153	0.954248	0.650893	724	0.308011	0.378000	0.393302	
757	0.282695	106	0.066038	137	0.978102	0.650893	757	0.282695	0.355000	0.393012	
717	0.302650	95	0.042105	188	0.973404	0.650893	717	0.302650	0.404000	0.393095	
686	0.311953	122	0.032787	192	0.947917	0.650893	686	0.311953	0.400000	0.393146	
726	0.326446	102	0.078431	172	0.965116	0.650893	726	0.326446	0.411000	0.393279	
739	0.297700	102	0.029412	159	0.949686	0.650893	739	0.297700	0.374000	0.393137	
735	0.274830	107	0.037383	158	0.981013	0.650893	735	0.274830	0.361000	0.392902	
742	0.287062	99	0.040404	159	0.955975	0.650893	742	0.287062	0.369000	0.392729	
753	0.281541	91	0.032967	156	0.948718	0.650893	753	0.281541	0.363000	0.392515	
722	0.278393	108	0.018519	170	0.988235	0.650893	722	0.278393	0.371000	0.392361	
743	0.294751	117	0.025641	140	0.971429	0.650893	743	0.294751	0.358000	0.392118	
747	0.309237	99	0.040404	154	0.974026	0.650893	747	0.309237	0.385000	0.392068	
745	0.296644	96	0.052083	159	0.987421	0.650893	745	0.296644	0.383000	0.392004	
738	0.271003	116	0.043103	146	0.965753	0.650893	738	0.271003	0.346000	0.391685	
745	0.350336	120	0.025000	135	0.955556	0.650893	745	0.350336	0.393000	0.391694	
728	0.340659	88	0.022727	184	0.880435	0.650893	728	0.340659	0.412000	0.391833	
744	0.342742	104	0.028846	152	0.960526	0.650893	744	0.342742	0.404000	0.391916	
701	0.302425	110	0.063636	189	0.989418	0.650893	701	0.302425	0.406000	0.392011	
751	0.296937	108	0.046296	141	0.964539	0.650893	751	0.296937	0.364000	0.391823	
734	0.326975	119	0.016807	147	0.986395	0.650893	734	0.326975	0.387000	0.391791	
738	0.322493	100	0.040000	162	0.987654	0.650893	738	0.322493	0.402000	0.391858	
743	0.329744	104	0.076923	153	0.986928	0.650893	743	0.329744	0.404000	0.391938	
741	0.296896	115	0.034783	144	0.972222	0.650893	741	0.296896	0.364000	0.391756	
713	0.293128	103	0.058252	184	0.956522	0.650893	713	0.293128	0.391000	0.391751	
757	0.348745	89	0.011236	154	0.987013	0.650893	757	0.348745	0.417000	0.391914	
763	0.322412	101	0.019802	136	0.970588	0.650893	763	0.322412	0.380000	0.391837	
716	0.315642	126	0.023810	158	0.962025	0.650893	716	0.315642	0.381000	0.391768	
722	0.322715	94	0.063830	184	1.000000	0.650893	722	0.322715	0.423000	0.391966	
694	0.384726	86	0.034884	220	0.986364	0.650893	694	0.384726	0.487000	0.392564	
688	0.308140	94	0.053191	218	0.977064	0.650893	688	0.308140	0.430000	0.392798	
688	0.316860	121	0.024793	191	0.984293	0.650893	688	0.316860	0.409000	0.392898	
709	0.300423	105	0.047619	186	0.983871	0.650893	709	0.300423	0.401000	0.392948	
693	0.327561	100	0.020000	207	0.975845	0.650893	693	0.327561	0.431000	0.393182	
738	0.291328	96	0.031250	166	0.987952	0.650893	738	0.291328	0.382000	0.393113	
735	0.357823	103	0.038835	162	0.969136	0.650893	735	0.357823	0.424000	0.393301	
701	0.366619	114	0.026316	185	0.994595	0.650893	701	0.366619	0.444000	0.393606	
755	0.356291	86	0.093023	159	1.000000	0.650893	755	0.356291	0.436000	0.393860	
767	0.338983	72	0.194444	161	0.981366	0.650893	767	0.338983	0.432000	0.394087	
721	0.355062	104	0.086538	175	0.971429	0.650893	721	0.355062	0.435000	0.394329	
691	0.395080	98	0.071429	211	0.971564	0.650893	691	0.395080	0.485000	0.394862	
475	0.395789	91	0.120879	434	0.953917	0.650893	475	0.395789	0.613000	0.396138	
641	0.382215	80	0.087500	279	0.913978	0.650893	641	0.382215	0.507000	0.396783	
742	0.384097	68	0.073529	190	0.931579	0.650893	742	0.384097	0.467000	0.397188	
704	0.360795	107	0.140187	189	0.984127	0.650893	704	0.360795	0.455000	0.397521	
673	0.371471	86	0.081395	241	0.962656	0.650893	673	0.371471	0.489000	0.398043	
635	0.359055	89	0.011236	276	0.974638	0.650893	635	0.359055	0.498000	0.398611	
582	0.353952	81	0.074074	337	0.982196	0.650893	582	0.353952	0.543000	0.399427	
679	0.329897	132	0.045455	189	0.915344	0.650893	679	0.329897	0.403000	0.399447	
726	0.322314	120	0.025000	154	0.915584	0.650893	726	0.322314	0.378000	0.399327	
759	0.342556	103	0.048544	138	0.862319	0.650893	759	0.342556	0.384000	0.399242	
731	0.307798	110	0.045455	159	0.830189	0.650893	731	0.307798	0.362000	0.399036	
734	0.320163	114	0.052632	152	0.815789	0.650893	734	0.320163	0.365000	0.398849	
731	0.347469	109	0.064220	160	0.906250	0.650893	731	0.347469	0.406000	0.398889	
747	0.336011	117	0.034188	136	0.911765	0.650893	747	0.336011	0.379000	0.398780	
740	0.275676	97	0.103093	163	0.840491	0.650893	740	0.275676	0.351000	0.398522	
732	0.325137	105	0.076190	163	0.963190	0.650893	732	0.325137	0.403000	0.398546	
738	0.319783	98	0.040816	164	0.951220	0.650893	738	0.319783	0.396000	0.398533	
727	0.334250	101	0.039604	172	0.959302	0.650893	727	0.334250	0.412000	0.398604	
753	0.350598	85	0.011765	162	0.950617	0.650893	753	0.350598	0.419000	0.398712	
750	0.322667	97	0.041237	153	0.921569	0.650893	750	0.322667	0.387000	0.398651	
741	0.341430	80	0.075000	179	0.888268	0.650893	741	0.341430	0.418000	0.398752	
719	0.314325	77	0.155844	204	0.960784	0.650893	719	0.314325	0.434000	0.398935	
741	0.298246	89	0.067416	170	0.941176	0.650893	741	0.298246	0.387000	0.398874	
710	0.314085	131	0.091603	159	0.949686	0.650893	710	0.314085	0.386000	0.398807	
703	0.305832	92	0.076087	205	0.824390	0.650893	703	0.305832	0.391000	0.398767	
690	0.346377	79	0.151899	231	0.857143	0.650893	690	0.346377	0.449000	0.399023	
735	0.342857	62	0.112903	203	0.940887	0.650893	735	0.342857	0.450000	0.399282	
770	0.342857	74	0.094595	156	0.955128	0.650893	770	0.342857	0.420000	0.399387	
769	0.327698	69	0.043478	162	0.932099	0.650893	769	0.327698	0.406000	0.399420	
766	0.351175	72	0.097222	162	0.938272	0.650893	766	0.351175	0.428000	0.399563	
746	0.333780	85	0.094118	169	0.923077	0.650893	746	0.333780	0.413000	0.399630	
688	0.305233	69	0.057971	243	0.913580	0.650893	688	0.305233	0.436000	0.399810	
718	0.339833	92	0.021739	190	0.836842	0.650893	718	0.339833	0.405000	0.399835	
760	0.359211	90	0.055556	150	0.880000	0.650893	760	0.359211	0.410000	0.399885	
759	0.339921	70	0.057143	171	0.918129	0.650893	759	0.339921	0.419000	0.399979	
700	0.284286	108	0.037037	192	0.942708	0.650893	700	0.284286	0.384000	0.399901	
742	0.311321	106	0.028302	152	0.953947	0.650893	742	0.311321	0.379000	0.399800	
739	0.315291	113	0.097345	148	0.885135	0.650893	739	0.315291	0.375000	0.399681	
733	0.343793	113	0.079646	154	0.902597	0.650893	733	0.343793	0.400000	0.399682	
732	0.318306	128	0.093750	140	0.935714	0.650893	732	0.318306	0.376000	0.399570	
705	0.331915	117	0.000000	178	0.853933	0.650893	705	0.331915	0.386000	0.399505	
689	0.320755	121	0.033058	190	0.873684	0.650893	689	0.320755	0.391000	0.399465	
715	0.325874	114	0.043860	171	0.859649	0.650893	715	0.325874	0.385000	0.399397	
732	0.285519	97	0.041237	171	0.935673	0.650893	732	0.285519	0.373000	0.399274	
763	0.336828	81	0.086420	156	0.871795	0.650893	763	0.336828	0.400000	0.399277	
694	0.353026	77	0.116883	229	0.825328	0.650893	694	0.353026	0.443000	0.399480	
750	0.317333	92	0.076087	158	0.930380	0.650893	750	0.317333	0.392000	0.399445	
651	0.333333	76	0.118421	273	0.875458	0.650893	651	0.333333	0.465000	0.399746	
695	0.343885	57	0.105263	248	0.923387	0.650893	695	0.343885	0.474000	0.400085	
752	0.367021	100	0.070000	148	0.966216	0.650893	752	0.367021	0.426000	0.400203	
676	0.347633	85	0.105882	239	0.878661	0.650893	676	0.347633	0.454000	0.400446	
728	0.303571	103	0.067961	169	0.928994	0.650893	728	0.303571	0.385000	0.400377	
774	0.360465	77	0.064935	149	0.912752	0.650893	774	0.360465	0.420000	0.400465	
732	0.356557	104	0.038462	164	0.951220	0.650893	732	0.356557	0.421000	0.400556	
733	0.308322	84	0.059524	183	0.874317	0.650893	733	0.308322	0.391000	0.400514	
724	0.321823	99	0.030303	177	0.909605	0.650893	724	0.321823	0.397000	0.400498	
695	0.313669	131	0.007634	174	0.896552	0.650893	695	0.313669	0.375000	0.400386	
711	0.320675	98	0.051020	191	0.884817	0.650893	711	0.320675	0.402000	0.400393	
752	0.289894	91	0.021978	157	0.796178	0.650893	752	0.289894	0.345000	0.400151	
766	0.310705	87	0.057471	147	0.802721	0.650893	766	0.310705	0.361000	0.399981	
745	0.338255	92	0.032609	163	0.840491	0.650893	745	0.338255	0.392000	0.399946	
757	0.281374	90	0.066667	153	0.862745	0.650893	757	0.281374	0.351000	0.399735	
781	0.317542	85	0.047059	134	0.858209	0.650893	781	0.317542	0.367000	0.399595	
685	0.312409	79	0.063291	236	0.860169	0.650893	685	0.312409	0.422000	0.399691	
637	0.274725	96	0.031250	267	0.820225	0.650893	637	0.274725	0.397000	0.399679	
635	0.280315	91	0.043956	274	0.854015	0.650893	635	0.280315	0.416000	0.399748	
658	0.316109	113	0.035398	229	0.803493	0.650893	658	0.316109	0.396000	0.399732	
709	0.327221	107	0.065421	184	0.826087	0.650893	709	0.327221	0.391000	0.399696	
730	0.323288	112	0.035714	158	0.867089	0.650893	730	0.323288	0.377000	0.399601	
729	0.320988	105	0.066667	166	0.951807	0.650893	729	0.320988	0.399000	0.399598	
747	0.287818	84	0.059524	169	0.940828	0.650893	747	0.287818	0.379000	0.399513	
743	0.308210	96	0.020833	161	0.968944	0.650893	743	0.308210	0.387000	0.399461	
766	0.305483	102	0.029412	132	0.984848	0.650893	766	0.305483	0.367000	0.399328	
757	0.307794	98	0.010204	145	0.979310	0.650893	757	0.307794	0.376000	0.399232	
744	0.321237	85	0.094118	171	0.988304	0.650893	744	0.321237	0.416000	0.399300	
739	0.347767	87	0.022989	174	0.982759	0.650893	739	0.347767	0.430000	0.399425	
741	0.318489	101	0.039604	158	0.955696	0.650893	741	0.318489	0.391000	0.399391	
727	0.319120	107	0.046729	166	0.891566	0.650893	727	0.319120	0.385000	0.399333	
728	0.339286	94	0.063830	178	0.926966	0.650893	728	0.339286	0.418000	0.399408	
759	0.351779	99	0.040404	142	0.880282	0.650893	759	0.351779	0.396000	0.399394	
725	0.326897	110	0.072727	165	0.903030	0.650893	725	0.326897	0.394000	0.399373	
644	0.281056	98	0.030612	258	0.841085	0.650893	644	0.281056	0.401000	0.399379	
675	0.311111	80	0.050000	245	0.893878	0.650893	675	0.311111	0.433000	0.399512	
711	0.322082	92	0.086957	197	0.847716	0.650893	711	0.322082	0.404000	0.399530	
710	0.300000	104	0.038462	186	0.887097	0.650893	710	0.300000	0.382000	0.399461	
752	0.307181	104	0.019231	144	0.826389	0.650893	752	0.307181	0.352000	0.399276	
763	0.315858	103	0.019417	134	0.910448	0.650893	763	0.315858	0.365000	0.399142	
752	0.275266	100	0.040000	148	0.925676	0.650893	752	0.275266	0.348000	0.398944	
695	0.336691	106	0.028302	199	0.934673	0.650893	695	0.336691	0.423000	0.399037	
727	0.259972	88	0.056818	185	0.881081	0.650893	727	0.259972	0.357000	0.398875	
729	0.283951	106	0.018868	165	0.884848	0.650893	729	0.283951	0.355000	0.398707	
710	0.300000	97	0.061856	193	0.839378	0.650893	710	0.300000	0.381000	0.398640	
755	0.298013	87	0.022989	158	0.898734	0.650893	755	0.298013	0.369000	0.398527	
717	0.280335	125	0.080000	158	0.867089	0.650893	717	0.280335	0.348000	0.398336	
699	0.306152	127	0.031496	174	0.844828	0.650893	699	0.306152	0.365000	0.398210	
739	0.316644	87	0.080460	174	0.867816	0.650893	739	0.316644	0.392000	0.398186	
711	0.277075	105	0.019048	184	0.869565	0.650893	711	0.277075	0.359000	0.398040	
711	0.306610	95	0.052632	194	0.891753	0.650893	711	0.306610	0.396000	0.398032	
741	0.282051	120	0.058333	139	0.942446	0.650893	741	0.282051	0.347000	0.397842	
689	0.307692	99	0.080808	212	0.830189	0.650893	689	0.307692	0.396000	0.397836	
711	0.260197	101	0.089109	188	0.829787	0.650893	711	0.260197	0.350000	0.397659	
695	0.320863	86	0.023256	219	0.872146	0.650893	695	0.320863	0.416000	0.397726	
723	0.313970	112	0.089286	165	0.836364	0.650893	723	0.313970	0.375000	0.397643	
755	0.291391	99	0.090909	146	0.780822	0.650893	755	0.291391	0.343000	0.397444	
757	0.301189	98	0.030612	145	0.744828	0.650893	757	0.301189	0.339000	0.397231	
760	0.318421	89	0.056180	151	0.874172	0.650893	760	0.318421	0.379000	0.397165	
746	0.280161	99	0.040404	155	0.890323	0.650893	746	0.280161	0.351000	0.396999	
740	0.291892	108	0.046296	152	0.802632	0.650893	740	0.291892	0.343000	0.396804	
735	0.308844	116	0.025862	149	0.912752	0.650893	735	0.308844	0.366000	0.396694	
766	0.317232	92	0.054348	142	0.823944	0.650893	766	0.317232	0.365000	0.396581	
756	0.304233	97	0.010309	147	0.863946	0.650893	756	0.304233	0.358000	0.396443	
707	0.304102	88	0.079545	205	0.848780	0.650893	707	0.304102	0.396000	0.396442	
690	0.314493	90	0.088889	220	0.863636	0.650893	690	0.314493	0.415000	0.396507	
719	0.336579	84	0.119048	197	0.873096	0.650893	719	0.336579	0.424000	0.396604	
690	0.318841	94	0.053191	216	0.884259	0.650893	690	0.318841	0.416000	0.396672	
679	0.241532	60	0.083333	261	0.823755	0.650893	679	0.241532	0.384000	0.396628	
720	0.308333	74	0.121622	206	0.839806	0.650893	720	0.308333	0.404000	0.396654	
706	0.283286	109	0.073394	185	0.805405	0.650893	706	0.283286	0.357000	0.396516	
547	0.248629	61	0.065574	392	0.908163	0.650893	547	0.248629	0.496000	0.396860	
728	0.322802	89	0.089888	183	0.901639	0.650893	728	0.322802	0.408000	0.396899	
742	0.326146	106	0.047170	152	0.894737	0.650893	742	0.326146	0.383000	0.396851	
714	0.340336	104	0.048077	182	0.884615	0.650893	714	0.340336	0.409000	0.396892	
716	0.248603	97	0.041237	187	0.909091	0.650893	716	0.248603	0.352000	0.396739	
788	0.295685	74	0.054054	138	0.847826	0.650893	788	0.295685	0.354000	0.396594	
738	0.284553	81	0.111111	181	0.889503	0.650893	738	0.284553	0.380000	0.396538	
673	0.315007	105	0.085714	222	0.860360	0.650893	673	0.315007	0.412000	0.396590	
727	0.291609	99	0.060606	174	0.942529	0.650893	727	0.291609	0.382000	0.396541	
740	0.337838	77	0.103896	183	0.852459	0.650893	740	0.337838	0.414000	0.396599	
710	0.329577	105	0.095238	185	0.918919	0.650893	710	0.329577	0.414000	0.396658	
720	0.291667	126	0.047619	154	0.837662	0.650893	720	0.291667	0.345000	0.396485	
754	0.335544	107	0.065421	139	0.805755	0.650893	754	0.335544	0.372000	0.396404	
737	0.317503	105	0.057143	158	0.930380	0.650893	737	0.317503	0.387000	0.396373	
745	0.306040	96	0.062500	159	0.836478	0.650893	745	0.306040	0.367000	0.396276	
729	0.316872	102	0.088235	169	0.899408	0.650893	729	0.316872	0.392000	0.396262	
740	0.305405	104	0.057692	156	0.878205	0.650893	740	0.305405	0.369000	0.396172	
770	0.302597	102	0.049020	128	0.851562	0.650893	770	0.302597	0.347000	0.396012	
767	0.332464	85	0.047059	148	0.912162	0.650893	767	0.332464	0.394000	0.396005	
735	0.341497	100	0.050000	165	0.933333	0.650893	735	0.341497	0.410000	0.396051	
739	0.320704	104	0.067308	157	0.929936	0.650893	739	0.320704	0.390000	0.396031	
733	0.311050	103	0.067961	164	0.792683	0.650893	733	0.311050	0.365000	0.395931	
753	0.313413	108	0.074074	139	0.892086	0.650893	753	0.313413	0.368000	0.395841	
739	0.349120	93	0.075269	168	0.851190	0.650893	739	0.349120	0.408000	0.395880	
746	0.313673	88	0.045455	166	0.891566	0.650893	746	0.313673	0.386000	0.395849	
729	0.312757	111	0.036036	160	0.843750	0.650893	729	0.312757	0.367000	0.395757	
740	0.327027	97	0.030928	163	0.895706	0.650893	740	0.327027	0.391000	0.395742	
740	0.313514	97	0.000000	163	0.840491	0.650893	740	0.313514	0.369000	0.395657	
765	0.295425	93	0.043011	142	0.901408	0.650893	765	0.295425	0.358000	0.395538	
739	0.328823	113	0.061947	148	0.804054	0.650893	739	0.328823	0.369000	0.395455	
730	0.283562	106	0.047170	164	0.871951	0.650893	730	0.283562	0.355000	0.395328	
716	0.317039	121	0.008264	163	0.815951	0.650893	716	0.317039	0.361000	0.395221	
789	0.332066	84	0.095238	127	0.929134	0.650893	789	0.332066	0.388000	0.395198	
754	0.311671	97	0.030928	149	0.939597	0.650893	754	0.311671	0.378000	0.395145	
704	0.285511	69	0.043478	227	0.960352	0.650893	704	0.285511	0.422000	0.395228	
631	0.291601	108	0.018519	261	0.923372	0.650893	631	0.291601	0.427000	0.395326	
715	0.320280	122	0.016393	163	0.932515	0.650893	715	0.320280	0.383000	0.395288	
762	0.332021	99	0.020202	139	0.870504	0.650893	762	0.332021	0.376000	0.395229	
776	0.328608	87	0.045977	137	0.919708	0.650893	776	0.328608	0.385000	0.395198	
743	0.282638	106	0.056604	151	0.986755	0.650893	743	0.282638	0.365000	0.395106	
726	0.269972	121	0.057851	153	0.816993	0.650893	726	0.269972	0.328000	0.394902	
681	0.276065	141	0.021277	178	0.960674	0.650893	681	0.276065	0.362000	0.394802	
706	0.218130	130	0.023077	164	0.914634	0.650893	706	0.218130	0.307000	0.394537	
714	0.317927	122	0.008197	164	0.920732	0.650893	714	0.317927	0.379000	0.394490	
720	0.283333	110	0.054545	170	0.911765	0.650893	720	0.283333	0.365000	0.394401	
732	0.308743	101	0.039604	167	0.946108	0.650893	732	0.308743	0.388000	0.394382	
736	0.330163	107	0.018692	157	0.923567	0.650893	736	0.330163	0.390000	0.394369	
712	0.278090	109	0.055046	179	0.949721	0.650893	712	0.278090	0.374000	0.394308	
739	0.296346	112	0.035714	149	0.939597	0.650893	739	0.296346	0.363000	0.394215	
728	0.300824	99	0.101010	173	0.959538	0.650893	728	0.300824	0.395000	0.394218	
732	0.296448	88	0.068182	180	0.950000	0.650893	732	0.296448	0.394000	0.394217	
756	0.294974	91	0.032967	153	0.895425	0.650893	756	0.294974	0.363000	0.394125	
756	0.324074	108	0.037037	136	0.838235	0.650893	756	0.324074	0.363000	0.394034	
746	0.305630	113	0.017699	141	0.808511	0.650893	746	0.305630	0.344000	0.393888	
748	0.298128	91	0.087912	161	0.819876	0.650893	748	0.298128	0.363000	0.393798	
726	0.315427	104	0.076923	170	0.911765	0.650893	726	0.315427	0.392000	0.393792	
714	0.331933	125	0.016000	161	0.950311	0.650893	714	0.331933	0.392000	0.393787	
733	0.349250	113	0.070796	154	0.980519	0.650893	733	0.349250	0.415000	0.393849	
748	0.332888	93	0.064516	159	0.974843	0.650893	748	0.332888	0.410000	0.393895	
739	0.301759	102	0.068627	159	0.955975	0.650893	739	0.301759	0.382000	0.393861	
761	0.304862	89	0.056180	150	0.946667	0.650893	761	0.304862	0.379000	0.393818	
768	0.276042	92	0.032609	140	0.857143	0.650893	768	0.276042	0.335000	0.393650	
750	0.273333	111	0.054054	139	0.863309	0.650893	750	0.273333	0.331000	0.393472	
715	0.303497	99	0.040404	186	0.892473	0.650893	715	0.303497	0.387000	0.393453	
698	0.289398	106	0.056604	196	0.872449	0.650893	698	0.289398	0.379000	0.393412	
725	0.291034	95	0.063158	180	0.850000	0.650893	725	0.291034	0.370000	0.393346	
741	0.329285	104	0.028846	155	0.800000	0.650893	741	0.329285	0.371000	0.393283	
729	0.315501	106	0.037736	165	0.860606	0.650893	729	0.315501	0.376000	0.393235	
753	0.312085	100	0.030000	147	0.891156	0.650893	753	0.312085	0.369000	0.393167	
739	0.320704	121	0.033058	140	0.907143	0.650893	739	0.320704	0.368000	0.393097	
749	0.373832	114	0.043860	137	0.883212	0.650893	749	0.373832	0.406000	0.393133	
732	0.297814	117	0.034188	151	0.907285	0.650893	732	0.297814	0.359000	0.393038	
707	0.282885	130	0.046154	163	0.914110	0.650893	707	0.282885	0.355000	0.392932	
727	0.330124	111	0.036036	162	0.870370	0.650893	727	0.330124	0.385000	0.392911	
737	0.385346	113	0.044248	150	0.946667	0.650893	737	0.385346	0.431000	0.393015	
750	0.385333	109	0.073394	141	0.950355	0.650893	750	0.385333	0.431000	0.393120	
728	0.355769	110	0.072727	162	0.938272	0.650893	728	0.355769	0.419000	0.393191	
723	0.309820	115	0.034783	162	0.969136	0.650893	723	0.309820	0.385000	0.393168	
619	0.282714	95	0.084211	286	0.968531	0.650893	619	0.282714	0.460000	0.393350	
730	0.361644	126	0.039683	144	0.965278	0.650893	730	0.361644	0.408000	0.393390	
724	0.366022	110	0.036364	166	0.939759	0.650893	724	0.366022	0.425000	0.393476	
692	0.309249	145	0.055172	163	0.975460	0.650893	692	0.309249	0.381000	0.393442	
725	0.315862	127	0.031496	148	0.972973	0.650893	725	0.315862	0.377000	0.393398	
626	0.298722	134	0.029851	240	0.945833	0.650893	626	0.298722	0.418000	0.393464	
518	0.353282	180	0.033333	302	0.963576	0.650893	518	0.353282	0.480000	0.393696	
713	0.345021	128	0.031250	159	0.987421	0.650893	713	0.345021	0.407000	0.393732	
706	0.286119	139	0.050360	155	0.987097	0.650893	706	0.286119	0.362000	0.393647	
735	0.337415	96	0.062500	169	0.982249	0.650893	735	0.337415	0.420000	0.393717	
678	0.370206	98	0.061224	224	0.991071	0.650893	678	0.370206	0.479000	0.393943	
688	0.345930	73	0.027397	239	0.987448	0.650893	688	0.345930	0.476000	0.394160	
680	0.360294	48	0.000000	272	0.977941	0.650893	680	0.360294	0.511000	0.394469	
718	0.338440	80	0.050000	202	0.985149	0.650893	718	0.338440	0.446000	0.394604	
725	0.342069	69	0.014493	206	1.000000	0.650893	725	0.342069	0.455000	0.394763	
709	0.382228	91	0.000000	200	0.975000	0.650893	709	0.382228	0.466000	0.394949	
684	0.384503	95	0.052632	221	0.972851	0.650893	684	0.384503	0.483000	0.395179	
677	0.353028	81	0.061728	242	0.966942	0.650893	677	0.353028	0.478000	0.395395	
672	0.351190	85	0.023529	243	0.967078	0.650893	672	0.351190	0.473000	0.395596	
682	0.338710	88	0.056818	230	0.939130	0.650893	682	0.338710	0.452000	0.395742	
650	0.403077	71	0.084507	279	0.942652	0.650893	650	0.403077	0.531000	0.396092	
638	0.192790	69	0.057971	293	0.938567	1.116881	638	0.192790	0.402000	0.396107	
668	0.182635	60	0.050000	272	0.963235	1.077184	668	0.182635	0.387000	0.396084	
655	0.361832	94	0.074468	251	0.988048	0.619401	655	0.361832	0.492000	0.396330	
707	0.396040	127	0.062992	166	0.951807	0.619401	707	0.396040	0.446000	0.396457	
672	0.406250	94	0.042553	234	0.961538	0.619401	672	0.406250	0.502000	0.396726	
725	0.256552	127	0.062992	148	0.972973	0.819247	725	0.256552	0.338000	0.396577	
703	0.248933	130	0.046154	167	0.970060	0.819247	703	0.248933	0.343000	0.396441	
757	0.285337	82	0.048780	161	0.956522	0.819247	757	0.285337	0.374000	0.396384	
737	0.248304	95	0.021053	168	0.982143	0.819247	737	0.248304	0.350000	0.396267	
736	0.267663	88	0.068182	176	0.988636	0.819247	736	0.267663	0.377000	0.396218	
777	0.221364	76	0.065789	147	0.986395	0.819247	777	0.221364	0.322000	0.396032	
736	0.278533	104	0.105769	160	0.987500	0.819247	736	0.278533	0.374000	0.395976	
728	0.219780	99	0.040404	173	0.988439	0.819247	728	0.219780	0.335000	0.395824	
677	0.208272	91	0.010989	232	0.956897	0.819247	677	0.208272	0.364000	0.395745	
639	0.269171	109	0.100917	252	0.964286	0.819247	639	0.269171	0.426000	0.395820	
663	0.259427	96	0.052083	241	0.954357	0.819247	663	0.259427	0.407000	0.395848	
643	0.255054	137	0.029197	220	0.909091	0.819247	643	0.255054	0.368000	0.395779	
687	0.250364	106	0.018868	207	0.966184	0.819247	687	0.250364	0.374000	0.395725	
639	0.226917	121	0.024793	240	0.975000	0.819247	639	0.226917	0.382000	0.395691	
650	0.201538	94	0.021277	256	0.968750	0.819247	650	0.201538	0.381000	0.395655	
630	0.249206	103	0.019417	267	0.955056	0.819247	630	0.249206	0.414000	0.395700	
652	0.233129	110	0.054545	238	0.936975	0.819247	652	0.233129	0.381000	0.395664	
668	0.230539	97	0.051546	235	0.936170	0.819247	668	0.230539	0.379000	0.395623	
638	0.293103	105	0.066667	257	0.996109	0.819247	638	0.293103	0.450000	0.395756	
708	0.244350	70	0.042857	222	0.968468	0.819247	708	0.244350	0.391000	0.395744	
704	0.218750	83	0.036145	213	0.962441	0.819247	704	0.218750	0.362000	0.395662	
653	0.225115	116	0.051724	231	0.961039	0.819247	653	0.225115	0.375000	0.395613	
640	0.204687	114	0.026316	246	0.963415	0.819247	640	0.204687	0.371000	0.395553	
700	0.241429	86	0.058140	214	0.971963	0.819247	700	0.241429	0.382000	0.395521	
634	0.298107	115	0.034783	251	0.984064	0.819247	634	0.298107	0.440000	0.395627	
651	0.271889	119	0.025210	230	0.969565	0.819247	651	0.271889	0.403000	0.395645	
721	0.295423	76	0.105263	203	0.965517	0.819247	721	0.295423	0.417000	0.395696	
700	0.291429	114	0.026316	186	0.983871	0.819247	700	0.291429	0.390000	0.395682	
722	0.267313	102	0.039216	176	0.977273	0.819247	722	0.267313	0.369000	0.395619	
755	0.229139	81	0.049383	164	0.969512	0.819247	755	0.229139	0.336000	0.395478	
694	0.272334	105	0.066667	201	0.980100	0.819247	694	0.272334	0.393000	0.395472	
738	0.261518	73	0.054795	189	0.957672	0.819247	738	0.261518	0.378000	0.395431	
734	0.273842	73	0.027397	193	0.963731	0.819247	734	0.273842	0.389000	0.395416	
741	0.228070	73	0.041096	186	0.994624	0.819247	741	0.228070	0.357000	0.395325	
777	0.254826	79	0.063291	144	0.937500	0.819247	777	0.254826	0.338000	0.395191	
754	0.214854	83	0.000000	163	0.981595	0.819247	754	0.214854	0.322000	0.395020	
751	0.178429	86	0.023256	163	0.969325	0.819247	751	0.178429	0.294000	0.394785	
762	0.444882	78	0.038462	160	0.962500	0.491978	762	0.444882	0.496000	0.395020	
752	0.175532	66	0.090909	182	0.928571	0.894472	752	0.175532	0.307000	0.394816	
656	0.126524	102	0.029412	242	0.966942	0.786989	656	0.126524	0.320000	0.394643	
763	0.522936	68	0.029412	169	0.917160	0.401910	763	0.522936	0.556000	0.395015	
771	0.424125	89	0.056180	140	0.928571	0.536547	771	0.424125	0.462000	0.395170	
769	0.175553	85	0.035294	146	0.979452	0.959914	769	0.175553	0.281000	0.394907	
763	0.211009	74	0.013514	163	0.957055	0.943839	763	0.211009	0.318000	0.394731	
779	0.213094	64	0.031250	157	0.980892	0.943839	779	0.213094	0.322000	0.394564	
764	0.178010	62	0.032258	174	0.982759	0.943839	764	0.178010	0.309000	0.394369	
722	0.317175	98	0.061224	180	0.972222	0.656270	722	0.317175	0.410000	0.394405	
740	0.352703	68	0.102941	192	0.916667	0.656270	740	0.352703	0.444000	0.394517	
714	0.344538	57	0.052632	229	0.864629	0.656270	714	0.344538	0.447000	0.394636	
690	0.291304	80	0.075000	230	0.891304	0.656270	690	0.291304	0.412000	0.394676	
689	0.310595	81	0.123457	230	0.921739	0.656270	689	0.310595	0.436000	0.394769	
646	0.373065	103	0.067961	251	0.932271	0.656270	646	0.373065	0.482000	0.394965	
743	0.323015	98	0.061224	159	0.955975	0.656270	743	0.323015	0.398000	0.394972	
676	0.312130	104	0.067308	220	0.959091	0.656270	676	0.312130	0.429000	0.395048	
745	0.327517	96	0.020833	159	0.968553	0.656270	745	0.327517	0.400000	0.395060	
746	0.345845	94	0.074468	160	0.943750	0.656270	746	0.345845	0.416000	0.395106	
737	0.331072	85	0.035294	178	0.910112	0.656270	737	0.331072	0.409000	0.395137	
731	0.340629	98	0.010204	171	0.976608	0.656270	731	0.340629	0.417000	0.395186	
712	0.328652	122	0.073770	166	0.945783	0.656270	712	0.328652	0.400000	0.395196	
689	0.325109	138	0.043478	173	0.936416	0.656270	689	0.325109	0.392000	0.395189	
737	0.340570	121	0.033058	142	0.922535	0.656270	737	0.340570	0.386000	0.395169	
732	0.325137	106	0.037736	162	0.925926	0.656270	732	0.325137	0.392000	0.395162	
710	0.329577	125	0.056000	165	0.957576	0.656270	710	0.329577	0.399000	0.395171	
746	0.368633	80	0.012500	174	0.982759	0.656270	746	0.368633	0.447000	0.395284	
769	0.358908	67	0.000000	164	0.957317	0.656270	769	0.358908	0.433000	0.395367	
785	0.341401	82	0.048780	133	0.977444	0.656270	785	0.341401	0.402000	0.395381	
757	0.351387	76	0.039474	167	0.994012	0.656270	757	0.351387	0.435000	0.395468	
759	0.363636	81	0.012346	160	0.987500	0.656270	759	0.363636	0.435000	0.395553	
758	0.361478	80	0.025000	162	0.962963	0.656270	758	0.361478	0.432000	0.395633	
730	0.372603	75	0.040000	195	0.861538	0.656270	730	0.372603	0.443000	0.395735	
777	0.342342	88	0.022727	135	0.977778	0.656270	777	0.342342	0.400000	0.395744	
748	0.332888	80	0.037500	172	1.000000	0.656270	748	0.332888	0.424000	0.395805	
745	0.326174	84	0.035714	171	0.988304	0.656270	745	0.326174	0.415000	0.395846	
757	0.347424	92	0.043478	151	0.993377	0.656270	757	0.347424	0.417000	0.395892	
737	0.347354	90	0.022222	173	0.971098	0.656270	737	0.347354	0.426000	0.395956	
759	0.320158	80	0.075000	161	0.987578	0.656270	759	0.320158	0.408000	0.395982	
755	0.356291	75	0.026667	170	0.958824	0.656270	755	0.356291	0.434000	0.396063	
734	0.335150	89	0.033708	177	0.937853	0.656270	734	0.335150	0.415000	0.396103	
741	0.349528	100	0.050000	159	0.930818	0.656270	741	0.349528	0.412000	0.396137	
744	0.336022	114	0.070175	142	0.929577	0.656270	744	0.336022	0.390000	0.396124	
739	0.323410	107	0.037383	154	0.954545	0.656270	739	0.323410	0.390000	0.396111	
752	0.332447	85	0.070588	163	0.981595	0.656270	752	0.332447	0.416000	0.396153	
747	0.297189	57	0.017544	196	0.903061	0.656270	747	0.297189	0.400000	0.396161	
717	0.372385	68	0.073529	215	0.953488	0.656270	717	0.372385	0.477000	0.396331	
750	0.330667	89	0.056180	161	0.894410	0.656270	750	0.330667	0.397000	0.396333	
731	0.347469	73	0.068493	196	0.984694	0.656270	731	0.347469	0.452000	0.396449	
752	0.353723	102	0.049020	146	0.972603	0.656270	752	0.353723	0.413000	0.396484	
768	0.337240	87	0.068966	145	0.979310	0.656270	768	0.337240	0.407000	0.396505	
769	0.327698	81	0.098765	150	0.966667	0.656270	769	0.327698	0.405000	0.396523	
752	0.331117	68	0.029412	180	0.977778	0.656270	752	0.331117	0.427000	0.396586	
761	0.325887	76	0.065789	163	0.944785	0.656270	761	0.325887	0.407000	0.396608	
764	0.319372	93	0.053763	143	0.993007	0.656270	764	0.319372	0.391000	0.396596	
753	0.328021	76	0.065789	171	0.906433	0.656270	753	0.328021	0.407000	0.396618	
752	0.341755	83	0.060241	165	0.939394	0.656270	752	0.341755	0.417000	0.396660	
747	0.302544	90	0.055556	163	0.957055	0.656270	747	0.302544	0.387000	0.396640	
721	0.306519	118	0.050847	161	0.956522	0.656270	721	0.306519	0.381000	0.396608	
745	0.334228	110	0.027273	145	0.972414	0.656270	745	0.334228	0.393000	0.396600	
755	0.360265	85	0.023529	160	0.981250	0.656270	755	0.360265	0.431000	0.396671	
758	0.317942	100	0.030000	142	0.971831	0.656270	758	0.317942	0.382000	0.396641	
762	0.347769	87	0.080460	151	0.973510	0.656270	762	0.347769	0.419000	0.396686	
778	0.365039	70	0.085714	152	0.980263	0.656270	778	0.365039	0.439000	0.396772	
764	0.340314	67	0.029851	169	0.958580	0.656270	764	0.340314	0.424000	0.396827	
773	0.322122	68	0.000000	159	0.987421	0.656270	773	0.322122	0.406000	0.396846	
751	0.364847	68	0.044118	181	0.977901	0.656270	751	0.364847	0.454000	0.396961	
721	0.373093	89	0.067416	190	0.952632	0.656270	721	0.373093	0.456000	0.397080	
733	0.334243	104	0.009615	163	0.944785	0.656270	733	0.334243	0.400000	0.397086	
742	0.334232	106	0.018868	152	0.940789	0.656270	742	0.334232	0.393000	0.397077	
758	0.308707	79	0.063291	163	0.975460	0.656270	758	0.308707	0.398000	0.397079	
752	0.340426	84	0.059524	164	0.957317	0.656270	752	0.340426	0.418000	0.397121	
768	0.352865	87	0.045977	145	0.979310	0.656270	768	0.352865	0.417000	0.397161	
764	0.336387	99	0.020202	137	0.978102	0.656270	764	0.336387	0.393000	0.397152	
758	0.319261	85	0.070588	157	0.961783	0.656270	758	0.319261	0.399000	0.397156	
762	0.314961	97	0.041237	141	0.971631	0.656270	762	0.314961	0.381000	0.397124	
779	0.340180	65	0.030769	156	1.000000	0.656270	779	0.340180	0.423000	0.397175	
735	0.374150	83	0.060241	182	0.989011	0.656270	735	0.374150	0.460000	0.397299	
743	0.328398	70	0.042857	187	0.973262	0.656270	743	0.328398	0.429000	0.397361	
708	0.365819	77	0.051948	215	0.897674	0.656270	708	0.365819	0.456000	0.397477	
741	0.282051	77	0.090909	182	0.956044	0.656270	741	0.282051	0.390000	0.397462	
769	0.345904	90	0.077778	141	0.936170	0.656270	769	0.345904	0.405000	0.397477	
745	0.339597	82	0.073171	173	0.965318	0.656270	745	0.339597	0.426000	0.397532	
756	0.325397	81	0.000000	163	0.975460	0.656270	756	0.325397	0.405000	0.397547	
775	0.325161	74	0.067568	151	0.980132	0.656270	775	0.325161	0.405000	0.397561	
767	0.329857	82	0.036585	151	0.980132	0.656270	767	0.329857	0.404000	0.397574	
756	0.321429	115	0.026087	129	0.968992	0.656270	756	0.321429	0.371000	0.397522	
774	0.324289	91	0.032967	135	0.977778	0.656270	774	0.324289	0.386000	0.397500	
769	0.331599	83	0.060241	148	0.966216	0.656270	769	0.331599	0.403000	0.397511	
758	0.312665	96	0.031250	146	0.945205	0.656270	758	0.312665	0.378000	0.397473	
762	0.353018	98	0.061224	140	0.935714	0.656270	762	0.353018	0.406000	0.397490	
776	0.309278	82	0.048780	142	0.985915	0.656270	776	0.309278	0.384000	0.397464	
763	0.328965	94	0.031915	143	0.979021	0.656270	763	0.328965	0.394000	0.397457	
764	0.348168	94	0.031915	142	0.964789	0.656270	764	0.348168	0.406000	0.397473	
733	0.320600	118	0.042373	149	0.993289	0.656270	733	0.320600	0.388000	0.397455	
719	0.342142	105	0.057143	176	0.965909	0.656270	719	0.342142	0.422000	0.397502	
721	0.324549	75	0.093333	204	0.975490	0.656270	721	0.324549	0.440000	0.397583	
769	0.312094	64	0.031250	167	0.988024	0.656270	769	0.312094	0.407000	0.397601	
710	0.354930	82	0.024390	208	0.975962	0.656270	710	0.354930	0.457000	0.397713	
687	0.346434	94	0.095745	219	0.908676	0.656270	687	0.346434	0.446000	0.397805	
751	0.368842	72	0.027778	177	0.971751	0.656270	751	0.368842	0.451000	0.397905	
702	0.331909	78	0.102564	220	0.954545	0.656270	702	0.331909	0.451000	0.398005	
740	0.377027	64	0.062500	196	0.908163	0.656270	740	0.377027	0.461000	0.398123	
737	0.343284	75	0.040000	188	0.962766	0.656270	737	0.343284	0.437000	0.398196	
695	0.269065	93	0.053763	212	0.966981	0.656270	695	0.269065	0.397000	0.398194	
744	0.321237	70	0.085714	186	0.940860	0.656270	744	0.321237	0.420000	0.398235	
736	0.345109	68	0.088235	196	0.969388	0.656270	736	0.345109	0.450000	0.398331	
650	0.336923	88	0.056818	262	0.969466	0.656270	650	0.336923	0.478000	0.398480	
702	0.346154	82	0.048780	216	0.958333	0.656270	702	0.346154	0.454000	0.398583	
735	0.355102	81	0.061728	184	0.956522	0.656270	735	0.355102	0.442000	0.398663	
731	0.313269	50	0.140000	219	0.972603	0.656270	731	0.313269	0.449000	0.398757	
744	0.321237	88	0.056818	168	0.958333	0.656270	744	0.321237	0.405000	0.398768	
684	0.260234	125	0.056000	191	0.979058	0.656270	684	0.260234	0.372000	0.398719	
705	0.312057	71	0.056338	224	0.973214	0.656270	705	0.312057	0.442000	0.398799	
717	0.312413	85	0.070588	198	0.939394	0.656270	717	0.312413	0.416000	0.398830	
769	0.326398	61	0.049180	170	0.917647	0.656270	769	0.326398	0.410000	0.398851	
734	0.348774	61	0.049180	205	0.960976	0.656270	734	0.348774	0.456000	0.398955	
742	0.350404	67	0.044776	191	0.874346	0.656270	742	0.350404	0.430000	0.399012	
766	0.396867	62	0.048387	172	0.941860	0.656270	766	0.396867	0.469000	0.399140	
744	0.372312	83	0.036145	173	0.936416	0.656270	744	0.372312	0.442000	0.399218	
743	0.367429	79	0.025316	178	0.910112	0.656270	743	0.367429	0.437000	0.399287	
754	0.393899	68	0.058824	178	0.983146	0.656270	754	0.393899	0.476000	0.399426	
762	0.335958	71	0.126761	167	0.952096	0.656270	762	0.335958	0.424000	0.399470	
739	0.354533	107	0.037383	154	0.948052	0.656270	739	0.354533	0.412000	0.399493	
757	0.322325	68	0.044118	175	0.948571	0.656270	757	0.322325	0.413000	0.399517	
758	0.343008	81	0.024691	161	0.968944	0.656270	758	0.343008	0.418000	0.399551	
725	0.353103	81	0.074074	194	0.989691	0.656270	725	0.353103	0.454000	0.399649	
709	0.296192	75	0.066667	216	0.967593	0.656270	709	0.296192	0.424000	0.399692	
742	0.355795	94	0.053191	164	0.987805	0.656270	742	0.355795	0.431000	0.399748	
747	0.334672	62	0.048387	191	0.968586	0.656270	747	0.334672	0.438000	0.399817	
772	0.330311	69	0.057971	159	0.987421	0.656270	772	0.330311	0.416000	0.399846	
731	0.331053	87	0.057471	182	0.967033	0.656270	731	0.331053	0.423000	0.399887	
736	0.341033	90	0.077778	174	0.988506	0.656270	736	0.341033	0.430000	0.399941	
705	0.287943	91	0.087912	204	0.985294	0.656270	705	0.287943	0.412000	0.399962	
642	0.366044	99	0.101010	259	0.980695	0.656270	642	0.366044	0.499000	0.400138	
698	0.382521	94	0.074468	208	0.966346	0.656270	698	0.382521	0.475000	0.400270	
686	0.349854	71	0.070423	243	0.975309	0.656270	686	0.349854	0.482000	0.400414	
675	0.368889	89	0.056180	236	0.966102	0.656270	675	0.368889	0.482000	0.400558	
663	0.324284	121	0.016529	216	0.976852	0.656270	663	0.324284	0.428000	0.400607	
675	0.358519	97	0.020619	228	0.995614	0.656270	675	0.358519	0.471000	0.400730	
655	0.381679	98	0.020408	247	0.975709	0.656270	655	0.381679	0.493000	0.400892	
636	0.309748	118	0.008475	246	0.979675	0.656270	636	0.309748	0.439000	0.400959	
613	0.334421	116	0.017241	271	0.981550	0.656270	613	0.334421	0.473000	0.401085	
709	0.313117	113	0.026549	178	0.977528	0.656270	709	0.313117	0.399000	0.401081	
686	0.354227	112	0.062500	202	0.920792	0.656270	686	0.354227	0.436000	0.401142	
707	0.322489	112	0.026786	181	0.933702	0.656270	707	0.322489	0.400000	0.401140	
670	0.317910	72	0.069444	258	0.961240	0.656270	670	0.317910	0.466000	0.401253	
669	0.295964	110	0.054545	221	0.963801	0.656270	669	0.295964	0.417000	0.401280	
703	0.338549	81	0.061728	216	0.995370	0.656270	703	0.338549	0.458000	0.401378	
688	0.284884	111	0.054054	201	1.000000	0.656270	688	0.284884	0.403000	0.401381	
713	0.368864	84	0.071429	203	0.975369	0.656270	713	0.368864	0.467000	0.401494	
669	0.322870	109	0.091743	222	0.990991	0.656270	669	0.322870	0.446000	0.401571	
746	0.316354	97	0.041237	157	0.980892	0.656270	746	0.316354	0.394000	0.401558	
709	0.334274	101	0.099010	190	0.963158	0.656270	709	0.334274	0.430000	0.401607	
715	0.317483	102	0.029412	183	0.972678	0.656270	715	0.317483	0.408000	0.401617	
729	0.330590	121	0.033058	150	0.986667	0.656270	729	0.330590	0.393000	0.401603	
717	0.327755	118	0.118644	165	0.939394	0.656270	717	0.327755	0.404000	0.401607	
734	0.339237	100	0.070000	166	0.963855	0.656270	734	0.339237	0.416000	0.401631	
745	0.336913	79	0.037975	176	0.937500	0.656270	745	0.336913	0.419000	0.401661	
746	0.329759	98	0.030612	156	0.987179	0.656270	746	0.329759	0.403000	0.401663	
703	0.337127	84	0.071429	213	0.948357	0.656270	703	0.337127	0.445000	0.401737	
623	0.329053	107	0.037383	270	0.933333	0.656270	623	0.329053	0.461000	0.401837	
730	0.364384	95	0.136842	175	0.960000	0.656270	730	0.364384	0.447000	0.401913	
641	0.343214	112	0.089286	247	0.967611	0.656270	641	0.343214	0.469000	0.402026	
640	0.362500	92	0.032609	268	0.966418	0.656270	640	0.362500	0.494000	0.402181	
701	0.345221	88	0.045455	211	0.985782	0.656270	701	0.345221	0.454000	0.402268	
728	0.343407	122	0.049180	150	0.866667	0.656270	728	0.343407	0.386000	0.402241	
694	0.318444	122	0.065574	184	0.956522	0.656270	694	0.318444	0.405000	0.402246	
689	0.332366	100	0.090000	211	0.919431	0.656270	689	0.332366	0.432000	0.402295	
735	0.319728	91	0.054945	174	0.902299	0.656270	735	0.319728	0.397000	0.402286	
716	0.332402	126	0.023810	158	0.911392	0.656270	716	0.332402	0.385000	0.402258	
699	0.333333	116	0.043103	185	0.956757	0.656270	699	0.333333	0.415000	0.402279	
704	0.387784	88	0.125000	208	0.956731	0.656270	704	0.387784	0.483000	0.402413	
735	0.314286	81	0.086420	184	0.929348	0.656270	735	0.314286	0.409000	0.402424	
735	0.337415	99	0.010101	166	0.939759	0.656270	735	0.337415	0.405000	0.402428	
761	0.370565	80	0.075000	159	0.968553	0.656270	761	0.370565	0.442000	0.402494	
722	0.265928	100	0.040000	178	0.949438	0.656270	722	0.265928	0.365000	0.402432	
733	0.316508	88	0.034091	179	0.860335	0.656270	733	0.316508	0.389000	0.402410	
712	0.301966	95	0.063158	193	0.886010	0.656270	712	0.301966	0.392000	0.402392	
731	0.311902	79	0.037975	190	0.905263	0.656270	731	0.311902	0.403000	0.402393	
726	0.333333	105	0.028571	169	0.964497	0.656270	726	0.333333	0.408000	0.402403	
749	0.333778	95	0.042105	156	0.961538	0.656270	749	0.333778	0.404000	0.402405	
734	0.340599	110	0.036364	156	0.903846	0.656270	734	0.340599	0.395000	0.402393	
727	0.361761	109	0.064220	164	0.902439	0.656270	727	0.361761	0.418000	0.402419	
766	0.377285	77	0.090909	157	0.929936	0.656270	766	0.377285	0.442000	0.402483	
714	0.309524	107	0.140187	179	0.893855	0.656270	714	0.309524	0.396000	0.402473	
753	0.335989	90	0.033333	157	0.840764	0.656270	753	0.335989	0.388000	0.402449	
737	0.279512	89	0.056180	174	0.833333	0.656270	737	0.279512	0.356000	0.402374	
696	0.300287	82	0.036585	222	0.837838	0.656270	696	0.300287	0.398000	0.402367	
730	0.309589	95	0.063158	175	0.794286	0.656270	730	0.309589	0.371000	0.402316	
771	0.252918	82	0.036585	147	0.925170	0.656270	771	0.252918	0.334000	0.402206	
743	0.292059	82	0.012195	175	0.840000	0.656270	743	0.292059	0.365000	0.402146	
677	0.308715	106	0.009434	217	0.903226	0.656270	677	0.308715	0.406000	0.402152	
661	0.255673	100	0.080000	239	0.907950	0.656270	661	0.255673	0.394000	0.402139	
653	0.290965	106	0.009434	241	0.825726	0.656270	653	0.290965	0.390000	0.402120	
675	0.263704	112	0.017857	213	0.920188	0.656270	675	0.263704	0.376000	0.402078	
689	0.301887	104	0.019231	207	0.903382	0.656270	689	0.301887	0.397000	0.402070	
666	0.310811	117	0.017094	217	0.829493	0.656270	666	0.310811	0.389000	0.402049	
682	0.255132	123	0.008130	195	0.943590	0.656270	682	0.255132	0.359000	0.401980	
629	0.240064	96	0.052083	275	0.901818	0.656270	629	0.240064	0.404000	0.401983	
654	0.318043	112	0.080357	234	0.794872	0.656270	654	0.318043	0.403000	0.401985	
661	0.287443	127	0.007874	212	0.853774	0.656270	661	0.287443	0.372000	0.401938	
684	0.266082	96	0.062500	220	0.877273	0.656270	684	0.266082	0.381000	0.401904	
744	0.302419	106	0.047170	150	0.820000	0.656270	744	0.302419	0.353000	0.401827	
710	0.280282	109	0.009174	181	0.922652	0.656270	710	0.280282	0.367000	0.401772	
719	0.299026	92	0.043478	189	0.962963	0.656270	719	0.299026	0.401000	0.401771	
708	0.299435	91	0.120879	201	0.960199	0.656270	708	0.299435	0.416000	0.401793	
686	0.311953	59	0.084746	255	0.964706	0.656270	686	0.311953	0.465000	0.401893	
703	0.291607	92	0.032609	205	0.907317	0.656270	703	0.291607	0.394000	0.401880	
738	0.346883	107	0.037383	155	0.838710	0.656270	738	0.346883	0.390000	0.401862	
724	0.338398	105	0.038095	171	0.912281	0.656270	724	0.338398	0.405000	0.401867	
729	0.307270	100	0.040000	171	0.894737	0.656270	729	0.307270	0.381000	0.401834	
708	0.305085	89	0.033708	203	0.857143	0.656270	708	0.305085	0.393000	0.401820	
745	0.300671	86	0.046512	169	0.857988	0.656270	745	0.300671	0.373000	0.401775	
767	0.285528	92	0.043478	141	0.822695	0.656270	767	0.285528	0.339000	0.401678	
730	0.283562	107	0.046729	163	0.926380	0.656270	730	0.283562	0.363000	0.401618	
691	0.290883	94	0.031915	215	0.934884	0.656270	691	0.290883	0.405000	0.401623	
751	0.306258	79	0.101266	170	0.917647	0.656270	751	0.306258	0.394000	0.401611	
758	0.341689	88	0.034091	154	0.909091	0.656270	758	0.341689	0.402000	0.401612	
690	0.346377	119	0.058824	191	0.958115	0.656270	690	0.346377	0.429000	0.401654	
717	0.354254	124	0.024194	159	0.974843	0.656270	717	0.354254	0.412000	0.401670	
712	0.313202	117	0.042735	171	0.970760	0.656270	712	0.313202	0.394000	0.401658	
684	0.295322	104	0.076923	212	0.957547	0.656270	684	0.295322	0.413000	0.401676	
548	0.271898	71	0.098592	381	0.952756	0.656270	548	0.271898	0.519000	0.401855	
695	0.257554	97	0.041237	208	0.927885	0.656270	695	0.257554	0.376000	0.401816	
693	0.271284	90	0.022222	217	0.995392	0.656270	693	0.271284	0.406000	0.401822	
735	0.329252	100	0.040000	165	0.969697	0.656270	735	0.329252	0.406000	0.401829	
689	0.291727	118	0.033898	193	0.994819	0.656270	689	0.291727	0.397000	0.401821	
681	0.331865	100	0.040000	219	0.958904	0.656270	681	0.331865	0.440000	0.401879	
753	0.365206	107	0.037383	140	0.957143	0.656270	753	0.365206	0.413000	0.401896	
735	0.303401	113	0.000000	152	0.980263	0.656270	735	0.303401	0.372000	0.401851	
627	0.247209	109	0.073394	264	0.958333	0.656270	627	0.247209	0.416000	0.401872	
729	0.303155	113	0.088496	158	0.955696	0.656270	729	0.303155	0.382000	0.401842	
733	0.347885	92	0.043478	175	0.971429	0.656270	733	0.347885	0.429000	0.401883	
660	0.327273	110	0.063636	230	0.891304	0.656270	660	0.327273	0.428000	0.401923	
651	0.316436	110	0.054545	239	0.958159	0.656270	651	0.316436	0.441000	0.401981	
644	0.335404	126	0.039683	230	0.930435	0.656270	644	0.335404	0.435000	0.402031	
669	0.370703	122	0.024590	209	0.947368	0.656270	669	0.370703	0.449000	0.402101	
669	0.358744	104	0.076923	227	0.876652	0.656270	669	0.358744	0.447000	0.402169	
709	0.348378	122	0.049180	169	0.946746	0.656270	709	0.348378	0.413000	0.402185	
741	0.338731	109	0.036697	150	0.946667	0.656270	741	0.338731	0.397000	0.402177	
746	0.304290	115	0.008696	139	0.942446	0.656270	746	0.304290	0.359000	0.402113	
746	0.315013	100	0.030000	154	0.961039	0.656270	746	0.315013	0.386000	0.402089	
767	0.312907	94	0.021277	139	0.906475	0.656270	767	0.312907	0.368000	0.402038	
764	0.301047	89	0.022472	147	0.931973	0.656270	764	0.301047	0.369000	0.401989	
743	0.355316	107	0.056075	150	0.953333	0.656270	743	0.355316	0.413000	0.402005	
779	0.354300	81	0.024691	140	0.971429	0.656270	779	0.354300	0.414000	0.402023	
737	0.316147	107	0.065421	156	0.865385	0.656270	737	0.316147	0.375000	0.401983	
724	0.312155	112	0.044643	164	0.932927	0.656270	724	0.312155	0.384000	0.401957	
710	0.332394	120	0.091667	170	0.935294	0.656270	710	0.332394	0.406000	0.401963	
732	0.331967	109	0.055046	159	0.930818	0.656270	732	0.331967	0.397000	0.401955	
722	0.346260	101	0.049505	177	0.954802	0.656270	722	0.346260	0.424000	0.401988	
718	0.348189	110	0.100000	172	0.848837	0.656270	718	0.348189	0.407000	0.401995	
766	0.326371	87	0.057471	147	0.918367	0.656270	766	0.326371	0.390000	0.401977	
683	0.345534	124	0.056452	193	0.932642	0.656270	683	0.345534	0.423000	0.402008	
709	0.359661	103	0.116505	188	0.914894	0.656270	709	0.359661	0.439000	0.402062	
711	0.360056	121	0.024793	168	0.982143	0.656270	711	0.360056	0.424000	0.402094	
720	0.341667	116	0.060345	164	0.951220	0.656270	720	0.341667	0.409000	0.402104	
684	0.369883	91	0.065934	225	0.942222	0.656270	684	0.369883	0.471000	0.402204	
701	0.336662	99	0.050505	200	0.935000	0.656270	701	0.336662	0.428000	0.402242	
718	0.357939	113	0.044248	169	0.905325	0.656270	718	0.357939	0.415000	0.402260	
723	0.365145	115	0.078261	162	0.938272	0.656270	723	0.365145	0.425000	0.402293	
733	0.315143	87	0.034483	180	0.977778	0.656270	733	0.315143	0.410000	0.402304	
730	0.357534	75	0.066667	195	0.964103	0.656270	730	0.357534	0.454000	0.402379	
702	0.384615	82	0.085366	216	0.976852	0.656270	702	0.384615	0.488000	0.402502	
715	0.341259	96	0.020833	189	0.978836	0.656270	715	0.341259	0.431000	0.402543	
730	0.326027	82	0.048780	188	0.962766	0.656270	730	0.326027	0.423000	0.402573	
736	0.346467	75	0.053333	189	0.947090	0.656270	736	0.346467	0.438000	0.402624	
719	0.371349	77	0.051948	204	0.990196	0.656270	719	0.371349	0.473000	0.402724	
721	0.370319	124	0.032258	155	1.000000	0.656270	721	0.370319	0.426000	0.402758	
699	0.369099	111	0.045045	190	0.973684	0.656270	699	0.369099	0.448000	0.402822	
728	0.359890	110	0.090909	162	0.932099	0.656270	728	0.359890	0.423000	0.402851	
698	0.361032	107	0.065421	195	0.974359	0.656270	698	0.361032	0.449000	0.402917	
730	0.335616	100	0.010000	170	0.988235	0.656270	730	0.335616	0.414000	0.402933	
754	0.338196	91	0.000000	155	0.967742	0.656270	754	0.338196	0.405000	0.402936	
705	0.354610	109	0.073394	186	0.956989	0.656270	705	0.354610	0.436000	0.402982	
717	0.357043	105	0.028571	178	0.977528	0.656270	717	0.357043	0.433000	0.403025	
750	0.301333	97	0.010309	153	0.947712	0.656270	750	0.301333	0.372000	0.402981	
757	0.340819	86	0.000000	157	0.974522	0.656270	757	0.340819	0.411000	0.402992	
766	0.328982	89	0.056180	145	0.972414	0.656270	766	0.328982	0.398000	0.402985	
750	0.332000	105	0.047619	145	0.972414	0.656270	750	0.332000	0.395000	0.402974	
746	0.310992	98	0.081633	156	0.929487	0.656270	746	0.310992	0.385000	0.402949	
724	0.343923	109	0.036697	167	0.928144	0.656270	724	0.343923	0.408000	0.402956	
624	0.373397	99	0.040404	277	0.935018	0.656270	624	0.373397	0.496000	0.403086	
754	0.416446	78	0.025641	168	0.886905	0.656270	754	0.416446	0.465000	0.403173	
726	0.246556	125	0.024000	149	0.859060	0.776742	726	0.246556	0.310000	0.403043	
719	0.242003	129	0.062016	152	0.921053	0.776742	719	0.242003	0.322000	0.402930	
724	0.287293	101	0.029703	175	0.942857	0.776742	724	0.287293	0.376000	0.402892	
718	0.286908	91	0.076923	191	0.900524	0.776742	718	0.286908	0.385000	0.402867	
723	0.229599	110	0.045455	167	0.838323	0.776742	723	0.229599	0.311000	0.402739	
733	0.263302	121	0.016529	146	0.835616	0.776742	733	0.263302	0.317000	0.402620	
678	0.218289	93	0.107527	229	0.882096	0.776742	678	0.218289	0.360000	0.402561	
632	0.246835	101	0.049505	267	0.932584	0.776742	632	0.246835	0.410000	0.402571	
626	0.180511	126	0.023810	248	0.955645	0.776742	626	0.180511	0.353000	0.402503	
733	0.446112	123	0.089431	144	0.986111	0.475029	733	0.446112	0.480000	0.402610	
698	0.319484	97	0.082474	205	0.970732	0.636137	698	0.319484	0.430000	0.402648	
755	0.307285	82	0.085366	163	0.969325	0.636137	755	0.307285	0.397000	0.402640	
754	0.291777	103	0.058252	143	0.916084	0.636137	754	0.291777	0.357000	0.402577	
745	0.284564	106	0.056604	149	0.959732	0.636137	745	0.284564	0.361000	0.402520	
757	0.289300	87	0.034483	156	0.923077	0.636137	757	0.289300	0.366000	0.402470	
767	0.286832	85	0.058824	148	0.831081	0.636137	767	0.286832	0.348000	0.402395	
762	0.295276	87	0.080460	151	0.841060	0.636137	762	0.295276	0.359000	0.402336	
740	0.320270	89	0.078652	171	0.918129	0.636137	740	0.320270	0.401000	0.402334	
707	0.297030	106	0.047170	187	0.919786	0.636137	707	0.297030	0.387000	0.402313	
720	0.308333	117	0.051282	163	0.883436	0.636137	720	0.308333	0.372000	0.402272	
737	0.283582	87	0.057471	176	0.886364	0.636137	737	0.283582	0.370000	0.402228	
702	0.299145	111	0.018018	187	0.962567	0.636137	702	0.299145	0.392000	0.402214	
730	0.315068	101	0.059406	169	0.934911	0.636137	730	0.315068	0.394000	0.402203	
760	0.302632	101	0.089109	139	0.877698	0.636137	760	0.302632	0.361000	0.402147	
767	0.327249	85	0.047059	148	0.905405	0.636137	767	0.327249	0.389000	0.402129	
732	0.277322	104	0.038462	164	0.804878	0.636137	732	0.277322	0.339000	0.402044	
702	0.272080	133	0.045113	165	0.812121	0.636137	702	0.272080	0.331000	0.401948	
750	0.261333	79	0.050633	171	0.871345	0.636137	750	0.261333	0.349000	0.401877	
752	0.316489	91	0.076923	157	0.859873	0.636137	752	0.316489	0.380000	0.401847	
749	0.333778	103	0.058252	148	0.918919	0.636137	749	0.333778	0.392000	0.401834	
730	0.317808	125	0.024000	145	0.917241	0.636137	730	0.317808	0.368000	0.401789	
732	0.326503	116	0.008621	152	0.914474	0.636137	732	0.326503	0.379000	0.401758	
726	0.303030	105	0.038095	169	0.852071	0.636137	726	0.303030	0.368000	0.401713	
737	0.297151	99	0.020202	164	0.841463	0.636137	737	0.297151	0.359000	0.401656	
739	0.309878	114	0.035088	147	0.897959	0.636137	739	0.309878	0.365000	0.401607	
724	0.327348	111	0.054054	165	0.896970	0.636137	724	0.327348	0.391000	0.401593	
736	0.315217	94	0.021277	170	0.952941	0.636137	736	0.315217	0.396000	0.401585	
753	0.312085	82	0.073171	165	0.915152	0.636137	753	0.312085	0.392000	0.401573	
720	0.344444	112	0.035714	168	0.839286	0.636137	720	0.344444	0.393000	0.401561	
753	0.268260	106	0.028302	141	0.851064	0.636137	753	0.268260	0.325000	0.401460	
706	0.259207	86	0.046512	208	0.850962	0.636137	706	0.259207	0.364000	0.401410	
717	0.326360	126	0.023810	157	0.898089	0.636137	717	0.326360	0.378000	0.401379	
724	0.323204	134	0.000000	142	0.936620	0.636137	724	0.323204	0.367000	0.401334	
710	0.347887	136	0.000000	154	0.935065	0.636137	710	0.347887	0.391000	0.401320	
708	0.298023	150	0.026667	142	0.852113	0.636137	708	0.298023	0.336000	0.401234	
731	0.329685	115	0.026087	154	0.883117	0.636137	731	0.329685	0.380000	0.401206	
762	0.324147	94	0.074468	144	0.895833	0.636137	762	0.324147	0.383000	0.401182	
730	0.280822	107	0.074766	163	0.895706	0.636137	730	0.280822	0.359000	0.401127	
737	0.313433	106	0.018868	157	0.917197	0.636137	737	0.313433	0.377000	0.401095	
707	0.294201	134	0.037313	159	0.899371	0.636137	707	0.294201	0.356000	0.401036	
630	0.304762	135	0.066667	235	0.842553	0.636137	630	0.304762	0.399000	0.401033	
702	0.333333	106	0.103774	192	0.859375	0.636137	702	0.333333	0.410000	0.401045	
708	0.333333	104	0.076923	188	0.792553	0.636137	708	0.333333	0.393000	0.401035	
697	0.348637	103	0.087379	200	0.885000	0.636137	697	0.348637	0.429000	0.401071	
689	0.335269	129	0.031008	182	0.890110	0.636137	689	0.335269	0.397000	0.401066	
686	0.293003	121	0.041322	193	0.813472	0.636137	686	0.293003	0.363000	0.401016	
711	0.300985	127	0.023622	162	0.950617	0.636137	711	0.300985	0.371000	0.400977	
467	0.312634	171	0.052632	362	0.889503	0.636137	467	0.312634	0.477000	0.401076	
447	0.324385	162	0.030864	391	0.892583	0.636137	447	0.324385	0.499000	0.401203	
681	0.325991	98	0.030612	221	0.904977	0.636137	681	0.325991	0.425000	0.401233	
711	0.323488	131	0.038168	158	0.898734	0.636137	711	0.323488	0.377000	0.401202	
707	0.338048	106	0.160377	187	0.812834	0.636137	707	0.338048	0.408000	0.401211	
735	0.337415	97	0.092784	168	0.851190	0.636137	735	0.337415	0.400000	0.401209	
710	0.359155	106	0.047170	184	0.880435	0.636137	710	0.359155	0.422000	0.401236	
707	0.381895	95	0.094737	198	0.848485	0.636137	707	0.381895	0.447000	0.401295	
749	0.355140	94	0.074468	157	0.866242	0.636137	749	0.355140	0.409000	0.401305	
745	0.300671	93	0.064516	162	0.790123	0.636137	745	0.300671	0.358000	0.401249	
736	0.308424	130	0.053846	134	0.805970	0.636137	736	0.308424	0.342000	0.401173	
732	0.300546	103	0.067961	165	0.872727	0.636137	732	0.300546	0.371000	0.401135	
733	0.281037	126	0.031746	141	0.914894	0.636137	733	0.281037	0.339000	0.401056	
745	0.302013	105	0.047619	150	0.906667	0.636137	745	0.302013	0.366000	0.401011	
623	0.319422	85	0.023529	292	0.886986	0.636137	623	0.319422	0.460000	0.401086	
707	0.267327	91	0.065934	202	0.940594	0.636137	707	0.267327	0.385000	0.401066	
732	0.303279	124	0.048387	144	0.958333	0.636137	732	0.303279	0.366000	0.401021	
740	0.304054	117	0.025641	143	0.937063	0.636137	740	0.304054	0.362000	0.400972	
682	0.328446	111	0.045045	207	0.874396	0.636137	682	0.328446	0.410000	0.400983	
699	0.287554	97	0.041237	204	0.774510	0.636137	699	0.287554	0.363000	0.400935	
678	0.314159	95	0.042105	227	0.863436	0.636137	678	0.314159	0.413000	0.400950	
759	0.297760	77	0.038961	164	0.993902	0.636137	759	0.297760	0.392000	0.400939	
751	0.307590	97	0.041237	152	0.967105	0.636137	751	0.307590	0.382000	0.400915	
742	0.373315	98	0.030612	160	0.987500	0.636137	742	0.373315	0.438000	0.400962	
728	0.324176	87	0.057471	185	0.967568	0.636137	728	0.324176	0.420000	0.400986	
738	0.299458	79	0.063291	183	0.972678	0.636137	738	0.299458	0.404000	0.400989	
750	0.296000	103	0.126214	147	0.972789	0.636137	750	0.296000	0.378000	0.400961	
743	0.281292	88	0.022727	169	0.940828	0.636137	743	0.281292	0.370000	0.400922	
686	0.263848	84	0.047619	230	0.860870	0.636137	686	0.263848	0.383000	0.400899	
702	0.292023	74	0.148649	224	0.906250	0.636137	702	0.292023	0.419000	0.400922	
560	0.330357	109	0.009174	331	0.861027	0.636137	560	0.330357	0.471000	0.401009	
693	0.281385	117	0.094017	190	0.873684	0.636137	693	0.281385	0.372000	0.400973	
702	0.307692	88	0.034091	210	0.833333	0.636137	702	0.307692	0.394000	0.400965	
699	0.329041	82	0.048780	219	0.922374	0.636137	699	0.329041	0.436000	0.401008	
580	0.312069	97	0.030928	323	0.839009	0.636137	580	0.312069	0.455000	0.401075	
646	0.289474	83	0.120482	271	0.852399	0.636137	646	0.289474	0.428000	0.401109	
714	0.296919	95	0.063158	191	0.905759	0.636137	714	0.296919	0.391000	0.401096	
710	0.335211	102	0.088235	188	0.840426	0.636137	710	0.335211	0.405000	0.401101	
672	0.324405	131	0.030534	197	0.868020	0.636137	672	0.324405	0.393000	0.401091	
745	0.292617	99	0.060606	156	0.839744	0.636137	745	0.292617	0.355000	0.401034	
747	0.254351	101	0.039604	152	0.894737	0.636137	747	0.254351	0.330000	0.400947	
730	0.264384	116	0.060345	154	0.941558	0.636137	730	0.264384	0.345000	0.400878	
734	0.288828	99	0.050505	167	0.916168	0.636137	734	0.288828	0.370000	0.400840	
754	0.271883	97	0.051546	149	0.926174	0.636137	754	0.271883	0.348000	0.400775	
715	0.278322	132	0.022727	153	0.954248	0.636137	715	0.278322	0.348000	0.400710	
717	0.291492	121	0.008264	162	0.956790	0.636137	717	0.291492	0.365000	0.400667	
704	0.289773	115	0.034783	181	0.977901	0.636137	704	0.289773	0.385000	0.400647	
718	0.303621	115	0.034783	167	0.964072	0.636137	718	0.303621	0.383000	0.400626	
737	0.294437	106	0.047170	157	0.968153	0.636137	737	0.294437	0.374000	0.400593	
763	0.287025	101	0.019802	136	0.992647	0.636137	763	0.287025	0.356000	0.400539	
737	0.271370	112	0.062500	151	0.933775	0.636137	737	0.271370	0.348000	0.400475	
741	0.271255	104	0.048077	155	0.954839	0.636137	741	0.271255	0.354000	0.400419	
764	0.272251	98	0.040816	138	0.840580	0.636137	764	0.272251	0.328000	0.400331	
766	0.275457	92	0.054348	142	0.866197	0.636137	766	0.275457	0.339000	0.400256	
695	0.284892	140	0.057143	165	0.957576	0.636137	695	0.284892	0.364000	0.400213	
706	0.320113	111	0.018018	183	0.967213	0.636137	706	0.320113	0.405000	0.400218	
681	0.287812	106	0.000000	213	0.896714	0.636137	681	0.287812	0.387000	0.400202	
709	0.293371	119	0.025210	172	0.889535	0.636137	709	0.293371	0.364000	0.400159	
718	0.282730	124	0.072581	158	0.797468	0.636137	718	0.282730	0.338000	0.400084	
721	0.252427	105	0.114286	174	0.879310	0.636137	721	0.252427	0.347000	0.400020	
723	0.278008	107	0.037383	170	0.929412	0.636137	723	0.278008	0.363000	0.399975	
696	0.268678	109	0.018349	195	0.871795	0.636137	696	0.268678	0.359000	0.399926	
686	0.278426	107	0.037383	207	0.874396	0.636137	686	0.278426	0.376000	0.399898	
717	0.287308	112	0.053571	171	0.877193	0.636137	717	0.287308	0.362000	0.399852	
716	0.284916	123	0.048780	161	0.826087	0.636137	716	0.284916	0.343000	0.399784	
702	0.327635	112	0.044643	186	0.956989	0.636137	702	0.327635	0.413000	0.399800	
696	0.270115	128	0.078125	176	0.875000	0.636137	696	0.270115	0.352000	0.399743	
735	0.265306	120	0.041667	145	0.924138	0.636137	735	0.265306	0.334000	0.399665	
745	0.260403	113	0.061947	142	0.978873	0.636137	745	0.260403	0.340000	0.399594	
740	0.266216	112	0.044643	148	0.966216	0.636137	740	0.266216	0.345000	0.399529	
709	0.273625	126	0.031746	165	0.987879	0.636137	709	0.273625	0.361000	0.399483	
746	0.258713	98	0.051020	156	0.967949	0.636137	746	0.258713	0.349000	0.399423	
720	0.268056	108	0.037037	172	0.965116	0.636137	720	0.268056	0.363000	0.399380	
725	0.288276	128	0.046875	147	0.965986	0.636137	725	0.288276	0.357000	0.399330	
756	0.268519	96	0.062500	148	0.945946	0.636137	756	0.268519	0.349000	0.399270	
704	0.235795	129	0.038760	167	0.922156	0.636137	704	0.235795	0.325000	0.399183	
693	0.230880	136	0.022059	171	0.941520	0.636137	693	0.230880	0.324000	0.399094	
737	0.278155	129	0.023256	134	0.947761	0.636137	737	0.278155	0.335000	0.399018	
727	0.253095	114	0.043860	159	0.905660	0.636137	727	0.253095	0.333000	0.398941	
695	0.267626	115	0.060870	190	0.905263	0.636137	695	0.267626	0.365000	0.398901	
662	0.299094	130	0.053846	208	0.951923	0.636137	662	0.299094	0.403000	0.398906	
739	0.267930	104	0.028846	157	0.936306	0.636137	739	0.267930	0.348000	0.398846	
728	0.280220	125	0.048000	147	0.931973	0.636137	728	0.280220	0.347000	0.398785	
716	0.293296	119	0.000000	165	0.951515	0.636137	716	0.293296	0.367000	0.398748	
715	0.262937	114	0.052632	171	0.947368	0.636137	715	0.262937	0.356000	0.398698	
710	0.277465	110	0.036364	180	0.961111	0.636137	710	0.277465	0.374000	0.398669	
753	0.245684	100	0.010000	147	0.925170	0.636137	753	0.245684	0.322000	0.398580	
654	0.258410	115	0.043478	231	0.917749	0.636137	654	0.258410	0.386000	0.398565	
711	0.315049	122	0.008197	167	0.934132	0.636137	711	0.315049	0.381000	0.398545	
714	0.341737	112	0.080357	174	0.971264	0.636137	714	0.341737	0.422000	0.398572	
712	0.250000	116	0.008621	172	0.924419	0.636137	712	0.250000	0.338000	0.398502	
747	0.285141	119	0.042017	134	0.932836	0.636137	747	0.285141	0.343000	0.398438	
689	0.283019	149	0.013423	162	0.950617	0.636137	689	0.283019	0.351000	0.398383	
725	0.286897	115	0.052174	160	0.937500	0.636137	725	0.286897	0.364000	0.398343	
726	0.282369	109	0.082569	165	0.903030	0.636137	726	0.282369	0.363000	0.398302	
748	0.331551	111	0.045045	141	0.950355	0.636137	748	0.331551	0.387000	0.398289	
739	0.316644	107	0.084112	154	0.883117	0.636137	739	0.316644	0.379000	0.398267	
748	0.302139	86	0.046512	166	0.837349	0.636137	748	0.302139	0.369000	0.398233	
701	0.299572	93	0.118280	206	0.878641	0.636137	701	0.299572	0.402000	0.398237	
755	0.296689	75	0.040000	170	0.929412	0.636137	755	0.296689	0.385000	0.398222	
734	0.302452	82	0.097561	184	0.902174	0.636137	734	0.302452	0.396000	0.398220	
717	0.267782	90	0.111111	193	0.906736	0.636137	717	0.267782	0.377000	0.398195	
623	0.313002	95	0.126316	282	0.843972	0.636137	623	0.313002	0.445000	0.398249	
759	0.325428	91	0.065934	150	0.880000	0.636137	759	0.325428	0.385000	0.398234	
746	0.277480	105	0.019048	149	0.912752	0.636137	746	0.277480	0.345000	0.398173	
733	0.304229	102	0.000000	165	0.969697	0.636137	733	0.304229	0.383000	0.398156	
716	0.289106	121	0.033058	163	0.914110	0.636137	716	0.289106	0.360000	0.398112	
585	0.333333	122	0.057377	293	0.904437	0.636137	585	0.333333	0.467000	0.398191	
600	0.270000	118	0.016949	282	0.957447	0.636137	600	0.270000	0.434000	0.398231	
688	0.295058	92	0.032609	220	0.945455	0.636137	688	0.295058	0.414000	0.398249	
759	0.293808	101	0.019802	140	0.900000	0.636137	759	0.293808	0.351000	0.398196	
628	0.299363	106	0.028302	266	0.913534	0.636137	628	0.299363	0.434000	0.398236	
594	0.294613	123	0.008130	283	0.961131	0.636137	594	0.294613	0.448000	0.398293	
596	0.317114	101	0.039604	303	0.980198	0.636137	596	0.317114	0.490000	0.398396	
597	0.264657	123	0.032520	280	0.957143	0.636137	597	0.264657	0.430000	0.398432	
703	0.315789	109	0.064220	188	0.973404	0.636137	703	0.315789	0.412000	0.398447	
731	0.284542	121	0.016529	148	0.966216	0.636137	731	0.284542	0.353000	0.398396	
743	0.292059	98	0.030612	159	0.981132	0.636137	743	0.292059	0.376000	0.398371	
740	0.324324	105	0.019048	155	0.974194	0.636137	740	0.324324	0.393000	0.398365	
729	0.305898	96	0.041667	175	0.954286	0.636137	729	0.305898	0.394000	0.398360	
743	0.289367	97	0.030928	160	0.962500	0.636137	743	0.289367	0.372000	0.398330	
731	0.285910	102	0.049020	167	0.982036	0.636137	731	0.285910	0.378000	0.398308	
753	0.280212	99	0.030303	148	0.993243	0.636137	753	0.280212	0.361000	0.398266	
714	0.291317	112	0.026786	174	0.977011	0.636137	714	0.291317	0.381000	0.398246	
730	0.309589	111	0.018018	159	0.962264	0.636137	730	0.309589	0.381000	0.398227	
725	0.306207	107	0.046729	168	0.892857	0.636137	725	0.306207	0.377000	0.398204	
732	0.322404	96	0.031250	172	0.877907	0.636137	732	0.322404	0.390000	0.398194	
757	0.309115	90	0.022222	153	0.960784	0.636137	757	0.309115	0.383000	0.398178	
738	0.307588	103	0.058252	159	0.943396	0.636137	738	0.307588	0.383000	0.398161	
771	0.339818	83	0.024096	146	0.972603	0.636137	771	0.339818	0.406000	0.398169	
780	0.285897	90	0.044444	130	0.946154	0.636137	780	0.285897	0.350000	0.398116	
753	0.292165	89	0.022472	158	0.936709	0.636137	753	0.292165	0.370000	0.398085	
701	0.295292	93	0.032258	206	0.883495	0.636137	701	0.295292	0.392000	0.398078	
755	0.292715	93	0.021505	152	0.914474	0.636137	755	0.292715	0.362000	0.398038	
722	0.314404	117	0.059829	161	0.962733	0.636137	722	0.314404	0.389000	0.398028	
732	0.331967	110	0.054545	158	0.949367	0.636137	732	0.331967	0.399000	0.398029	
729	0.293553	121	0.024793	150	0.860000	0.636137	729	0.293553	0.346000	0.397972	
711	0.292546	98	0.020408	191	0.916230	0.636137	711	0.292546	0.385000	0.397958	
669	0.310912	116	0.034483	215	0.939535	0.636137	669	0.310912	0.414000	0.397975	
738	0.298103	96	0.020833	166	0.867470	0.636137	738	0.298103	0.366000	0.397940	
708	0.298023	130	0.000000	162	0.919753	0.636137	708	0.298023	0.360000	0.397899	
728	0.328297	101	0.029703	171	0.941520	0.636137	728	0.328297	0.403000	0.397904	
666	0.241742	142	0.028169	192	0.869792	0.636137	666	0.241742	0.332000	0.397832	
664	0.274096	130	0.015385	206	0.912621	0.636137	664	0.274096	0.372000	0.397804	
737	0.298507	120	0.050000	143	0.923077	0.636137	737	0.298507	0.358000	0.397760	
737	0.270014	116	0.077586	147	0.931973	0.636137	737	0.270014	0.345000	0.397703	
756	0.291005	125	0.048000	119	0.949580	0.636137	756	0.291005	0.339000	0.397639	
707	0.287129	110	0.054545	183	0.967213	0.636137	707	0.287129	0.386000	0.397626	
723	0.318119	120	0.050000	157	0.898089	0.636137	723	0.318119	0.377000	0.397604	
712	0.276685	126	0.039683	162	0.944444	0.636137	712	0.276685	0.355000	0.397558	
742	0.305930	97	0.030928	161	0.975155	0.636137	742	0.305930	0.387000	0.397546	
738	0.329268	113	0.026549	149	0.966443	0.636137	738	0.329268	0.390000	0.397538	
737	0.324288	98	0.020408	165	0.860606	0.636137	737	0.324288	0.383000	0.397522	
748	0.295455	114	0.078947	138	0.891304	0.636137	748	0.295455	0.353000	0.397474	
744	0.305108	99	0.050505	157	0.936306	0.636137	744	0.305108	0.379000	0.397454	
710	0.312676	131	0.007634	159	0.899371	0.636137	710	0.312676	0.366000	0.397420	
733	0.330150	116	0.051724	151	0.874172	0.636137	733	0.330150	0.380000	0.397402	
754	0.336870	96	0.072917	150	0.933333	0.636137	754	0.336870	0.401000	0.397405	
736	0.335598	93	0.021505	171	0.923977	0.636137	736	0.335598	0.407000	0.397416	
742	0.319407	97	0.041237	161	0.881988	0.636137	742	0.319407	0.383000	0.397400	
745	0.306040	122	0.057377	133	0.887218	0.636137	745	0.306040	0.353000	0.397353	
723	0.294606	88	0.034091	189	0.925926	0.636137	723	0.294606	0.391000	0.397346	
701	0.293866	108	0.018519	191	0.947644	0.636137	701	0.293866	0.389000	0.397337	
729	0.288066	90	0.066667	181	0.961326	0.636137	729	0.288066	0.390000	0.397329	
723	0.283541	116	0.051724	161	0.944099	0.636137	723	0.283541	0.363000	0.397292	
716	0.360335	112	0.062500	172	0.924419	0.636137	716	0.360335	0.424000	0.397321	
713	0.304348	114	0.043860	173	0.919075	0.636137	713	0.304348	0.381000	0.397303	
725	0.339310	102	0.049020	173	0.919075	0.636137	725	0.339310	0.410000	0.397317	
722	0.307479	118	0.050847	160	0.937500	0.636137	722	0.307479	0.378000	0.397296	
713	0.332398	113	0.044248	174	0.936782	0.636137	713	0.332398	0.405000	0.397305	
716	0.342179	129	0.007752	155	0.980645	0.636137	716	0.342179	0.398000	0.397305	
699	0.329041	91	0.043956	210	0.961905	0.636137	699	0.329041	0.436000	0.397346	
708	0.314972	106	0.018868	186	0.978495	0.636137	708	0.314972	0.407000	0.397357	
703	0.315789	113	0.061947	184	0.945652	0.636137	703	0.315789	0.403000	0.397363	
720	0.304167	116	0.103448	164	0.969512	0.636137	720	0.304167	0.390000	0.397355	
745	0.320805	116	0.051724	139	0.985612	0.636137	745	0.320805	0.382000	0.397339	
722	0.336565	109	0.073394	169	0.970414	0.636137	722	0.336565	0.415000	0.397357	
745	0.295302	98	0.030612	157	0.955414	0.636137	745	0.295302	0.373000	0.397332	
707	0.287129	108	0.055556	185	0.994595	0.636137	707	0.287129	0.393000	0.397327	
720	0.325000	84	0.107143	196	0.964286	0.636137	720	0.325000	0.432000	0.397363	
715	0.346853	85	0.058824	200	0.965000	0.636137	715	0.346853	0.446000	0.397414	
646	0.283282	94	0.117021	260	0.976923	0.636137	646	0.283282	0.448000	0.397468	
738	0.273713	100	0.040000	162	0.987654	0.636137	738	0.273713	0.366000	0.397435	
761	0.327201	93	0.021505	146	0.986301	0.636137	761	0.327201	0.395000	0.397432	
679	0.316642	83	0.048193	238	0.966387	0.636137	679	0.316642	0.449000	0.397486	
740	0.331081	83	0.060241	177	0.937853	0.636137	740	0.331081	0.416000	0.397505	
744	0.301075	85	0.047059	171	0.877193	0.636137	744	0.301075	0.378000	0.397485	
746	0.302949	78	0.051282	176	0.840909	0.636137	746	0.302949	0.378000	0.397465	
687	0.298399	111	0.009009	202	0.881188	0.636137	687	0.298399	0.384000	0.397451	
700	0.295714	109	0.055046	191	0.942408	0.636137	700	0.295714	0.393000	0.397446	
755	0.311258	109	0.036697	136	0.845588	0.636137	755	0.311258	0.354000	0.397401	
754	0.303714	106	0.037736	140	0.900000	0.636137	754	0.303714	0.359000	0.397361	
669	0.288490	82	0.085366	249	0.891566	0.636137	669	0.288490	0.422000	0.397387	
735	0.312925	83	0.060241	182	0.890110	0.636137	735	0.312925	0.397000	0.397386	
715	0.304895	94	0.074468	191	0.910995	0.636137	715	0.304895	0.399000	0.397388	
553	0.280289	102	0.029412	345	0.866667	0.636137	553	0.280289	0.457000	0.397449	
724	0.354972	95	0.073684	181	0.812155	0.636137	724	0.354972	0.411000	0.397463	
731	0.341997	99	0.000000	170	0.852941	0.636137	731	0.341997	0.395000	0.397461	
713	0.312763	89	0.033708	198	0.949495	0.636137	713	0.312763	0.414000	0.397478	
703	0.297297	94	0.063830	203	0.911330	0.636137	703	0.297297	0.400000	0.397481	
708	0.324859	105	0.057143	187	0.759358	0.636137	708	0.324859	0.378000	0.397460	
714	0.308123	122	0.024590	164	0.871951	0.636137	714	0.308123	0.366000	0.397428	
734	0.301090	110	0.036364	156	0.967949	0.636137	734	0.301090	0.376000	0.397406	
712	0.300562	109	0.082569	179	0.871508	0.636137	712	0.300562	0.379000	0.397387	
758	0.345646	82	0.048780	160	0.831250	0.636137	758	0.345646	0.399000	0.397389	
765	0.317647	80	0.050000	155	0.883871	0.636137	765	0.317647	0.384000	0.397375	
727	0.290234	89	0.000000	184	0.913043	0.636137	727	0.290234	0.379000	0.397356	
749	0.293725	88	0.011364	163	0.883436	0.636137	749	0.293725	0.365000	0.397323	
756	0.332011	84	0.011905	160	0.862500	0.636137	756	0.332011	0.390000	0.397316	
712	0.290730	91	0.076923	197	0.842640	0.636137	712	0.290730	0.380000	0.397298	
741	0.325236	73	0.013699	186	0.919355	0.636137	741	0.325236	0.413000	0.397314	
786	0.334606	60	0.000000	154	0.948052	0.636137	786	0.334606	0.409000	0.397326	
785	0.346497	65	0.015385	150	0.893333	0.636137	785	0.346497	0.407000	0.397336	
742	0.318059	93	0.075269	165	0.896970	0.636137	742	0.318059	0.391000	0.397330	
689	0.335269	69	0.072464	242	0.896694	0.636137	689	0.335269	0.453000	0.397386	
535	0.304673	92	0.032609	373	0.892761	0.636137	535	0.304673	0.499000	0.397489	
727	0.273728	74	0.040541	199	0.899497	0.636137	727	0.273728	0.381000	0.397472	
730	0.282192	100	0.080000	170	0.947059	0.636137	730	0.282192	0.375000	0.397450	
702	0.330484	79	0.050633	219	0.872146	0.636137	702	0.330484	0.427000	0.397479	
668	0.309880	116	0.051724	216	0.898148	0.636137	668	0.309880	0.407000	0.397489	
660	0.307576	85	0.000000	255	0.890196	0.636137	660	0.307576	0.430000	0.397522	
697	0.281205	79	0.037975	224	0.857143	0.636137	697	0.281205	0.391000	0.397515	
749	0.260347	109	0.091743	142	0.894366	0.636137	749	0.260347	0.332000	0.397449	
725	0.310345	61	0.065574	214	0.943925	0.636137	725	0.310345	0.431000	0.397483	
670	0.326866	74	0.013514	256	0.835938	0.636137	670	0.326866	0.434000	0.397520	
693	0.327561	66	0.000000	241	0.929461	0.636137	693	0.327561	0.451000	0.397573	
664	0.289157	104	0.028846	232	0.853448	0.636137	664	0.289157	0.393000	0.397569	
666	0.273273	115	0.060870	219	0.899543	0.636137	666	0.273273	0.386000	0.397557	
496	0.286290	97	0.010309	407	0.916462	0.636137	496	0.286290	0.516000	0.397676	
