-673.129282
-671.010429
-657.729196
-659.112450
-663.741513
-651.592487
-646.588363
-652.201620
-652.409329
-638.175050
-635.932414
-635.388524
-637.981402
-639.538735
-636.731559
-631.480152
-631.302266
-630.229448
-634.759111
-629.110949
-629.503179
-633.862711
-630.306702
-629.123815
-630.020375
-631.383566
-630.847783
-629.045244
-627.332018
-628.383800
-628.060617
-627.891741
-627.641230
-625.807571
-626.341526
-627.519761
-629.496295
-630.262378
-630.432421
-630.378075
-632.833762
-637.902596
-638.223973
-639.726466
-638.479252
-638.142980
-638.926878
-638.772191
-639.657907
-638.160965
-633.174710
-639.042366
-638.311826
-638.955886
-641.126286
-632.176453
-638.840585
-638.335279
-637.988550
-638.261611
-638.346505
-639.334475
-638.603951
-640.444454
-641.838068
-638.762543
-638.007112
-638.459280
-638.492167
-637.575911
-636.678122
-642.167388
-642.571769
-640.371900
-639.227463
-639.820308
-640.404503
-640.762517
-640.820928
-640.822505
-639.338943
-637.717098
-634.384216
-639.097287
-637.608847
-639.136765
-637.938954
-639.870804
-639.505482
-639.569766
-637.577533
-636.766271
-636.966864
-639.846878
-638.394565
-639.705375
-639.495728
-631.411989
-641.435765
-641.688042
-638.313831
-642.346095
-640.615748
-638.633491
-638.750727
-636.849387
-638.766319
-637.973740
-639.422107
-639.193337
-642.644402
-640.021802
-639.170075
-638.264733
-639.529525
-637.464369
-634.936524
-631.365709
-630.603287
-633.314780
-639.009288
-638.505548
-638.211968
-637.849483
-646.698673
-642.796099
-642.805955
-643.546175
-634.210259
-636.896013
-632.845450
-632.453789
-634.590702
-634.530559
-637.400951
-644.916946
-634.465099
-633.068750
-633.328363
-633.119271
-633.257261
-637.377618
-634.191818
-633.456957
-633.816304
-633.294053
-634.285764
-631.783732
-631.133097
-633.023384
-630.825483
-631.324385
-628.203728
-629.208331
-628.686148
-625.433559
-626.371442
-630.388492
-628.412256
-625.007225
-625.270913
-627.008913
-624.704550
-626.229733
-627.030725
-625.172213
-627.766817
-626.409004
-625.795655
-627.949603
-629.042960
-626.708905
-625.877340
-624.724569
-625.375399
-626.922390
-629.812823
-627.167800
-626.976681
-626.087953
-625.005260
-624.958198
-624.835950
-631.055710
-631.936489
-627.241558
-628.999404
-624.396942
-626.681423
-625.778758
-625.278402
-625.078478
-622.967059
-623.477335
-626.742157
-624.472929
-623.411969
-623.012242
-628.018948
-624.294339
-624.344604
-624.157633
-627.174851
-624.971248
-624.287604
-627.286698
-628.110098
-626.467973
-627.001483
-626.330793
-626.376779
-625.837950
-626.594233
-626.639851
-626.857650
-625.006598
-628.776867
-629.374059
-627.572384
-628.982320
-627.600988
-626.647340
-628.411940
-628.132620
-627.273841
-630.847698
-630.064036
-629.302547
-630.498267
-631.096644
-628.545769
-628.066978
-632.256033
-628.458042
-627.421784
-628.074606
-629.003477
-628.121279
-626.354308
-627.237704
-627.529561
-628.255115
-628.987145
-632.213185
-628.619086
-629.743861
-635.620875
-632.955540
-630.071307
-628.173128
-628.545895
-628.729983
-627.832785
-630.605305
-629.172662
-628.498694
-629.677521
-629.436487
-634.779888
-635.797334
-631.919169
-631.570239
-627.427785
-628.530970
-630.399366
-631.826832
-629.637499
-628.915688
-628.249226
-629.605916
-631.212925
-632.903745
-633.867061
-624.122102
-625.406091
-625.005090
-625.540637
-624.853862
-628.989125
-628.886488
-626.275837
-629.730984
-625.788439
-627.168458
-623.577105
-625.187329
-625.228521
-623.851009
-624.863645
-627.159597
-625.135383
-624.422349
-626.013404
-626.814754
-630.921523
-628.832593
-625.900336
-626.383018
-628.299919
-627.555663
-625.664527
-628.826342
-625.112170
-628.587719
-625.949938
-625.588105
-624.249132
-624.266962
-624.692270
-622.451859
-625.750760
-625.902838
-627.194579
-627.530680
-627.319229
-626.312974
-628.325870
-624.270435
-625.567732
-624.454546
-625.850800
-624.034496
-625.181842
-622.796289
-623.714208
-623.629231
-622.796340
-624.507517
-625.735744
-623.908246
-625.332384
-626.759662
-623.515453
-625.956905
-627.124383
-628.387611
-625.788988
-624.260955
-625.929973
-627.701373
-625.355024
-628.484009
-625.761831
-626.845219
-626.917824
-627.933480
-624.337360
-626.045049
-625.742107
-627.942370
-629.927294
-626.159462
-627.485147
-631.418990
-624.813463
-621.623387
-625.191751
-627.544215
-624.070236
-626.221062
-627.705597
-625.678197
-624.892514
-624.632536
-625.079376
-624.577130
-627.774697
-624.404769
-623.267502
-628.073679
-626.031227
-624.542379
-626.349736
-625.073718
-624.184394
-624.687587
-624.557565
-625.672011
-627.113941
-624.416193
-624.837194
-623.786669
-625.199481
-624.676689
-624.241607
-625.646270
-627.374067
-627.409416
-626.831253
-628.612580
-626.799291
-625.484067
-627.750718
-625.186717
-626.098506
-633.604703
-627.386019
-625.579110
-623.944210
-623.238288
-623.354274
-629.074159
-624.387342
-629.474887
-628.005643
-631.100303
-629.261650
-630.146047
-627.822220
-630.111452
-626.244798
-632.271934
-631.575307
-626.544290
-623.675030
-624.303678
-623.174661
-626.611063
-623.672662
-622.723867
-626.458708
-626.465864
-625.648352
-625.298115
-625.681742
-630.625730
-624.530076
-621.701093
-624.308333
-621.974228
-626.167719
-626.101402
-627.176595
-625.747223
-626.876248
-629.570422
-625.300114
-625.011767
-625.814290
-627.033956
-629.232389
-627.832434
-630.063015
-627.956450
-627.165984
-627.441270
-626.245089
-629.753803
-627.603994
-627.898244
-629.419498
-628.857357
-627.564843
-628.569667
-626.831898
-631.894659
-627.471413
-629.569011
-625.726369
-627.411937
-625.751266
-627.720291
-626.220674
-630.221664
-628.267338
-630.828459
-630.954166
-631.116120
-631.944557
-631.357035
-629.059130
-631.369028
-628.376897
-627.373342
-635.032063
-627.385573
-629.702282
-628.908890
-627.704769
-631.039600
-628.312038
-628.290309
-630.870207
-632.612820
-634.593403
-632.142436
-633.280722
-629.397991
-631.222820
-628.638874
-629.280076
-632.358516
-633.456196
-634.065107
-633.095105
-630.826417
-631.531281
-631.600411
-627.771676
-628.826058
-626.200411
-630.195629
-627.907914
-631.202075
-629.259803
-627.557241
-625.635032
-627.872014
-627.593567
-626.435231
-627.136846
-626.871490
-628.569594
-630.101889
-628.739968
-625.707339
-627.036416
-624.213208
-625.020635
-622.857500
-623.979410
-626.577698
-624.163237
-624.074884
-624.673322
-624.057248
-623.760703
-624.659510
-624.772462
-623.893740
-627.810428
-627.953874
-627.177059
-626.387503
-627.458283
-626.496264
-626.352747
-627.356203
-627.746970
-626.335613
-627.531150
-628.162403
-629.932606
-626.825410
-626.550484
-627.762600
-628.013438
-627.992350
-626.462028
-631.259090
-629.068170
-630.706347
-628.285379
-629.408502
-626.492215
-627.434721
-629.370527
-628.563639
-629.098766
-630.076023
-629.766903
-629.394440
-629.442087
-630.001424
-624.734740
-625.765376
-626.242755
-626.276639
-626.693817
-627.113647
-626.554380
-628.072160
-628.768507
-628.238441
-628.195414
-623.716595
-622.657573
-629.855483
-641.073196
-640.366055
-638.655690
-641.183142
-640.768078
-640.906096
-643.406362
-639.641153
-639.123392
-640.594497
-639.942289
-640.820720
-639.119759
-638.337802
-638.032784
-638.126267
-639.602233
-639.181366
-638.667263
-638.469502
-639.740681
-637.491008
-637.501851
-637.804474
-639.411381
-638.900840
-640.370430
-640.214287
-639.833330
-640.204257
-639.820942
-642.645338
-638.392696
-639.732653
-639.334235
-639.797042
-640.202498
-639.716217
-637.564642
-637.257777
-637.886000
-636.848298
-636.639365
-637.657804
-638.852749
-637.726333
-639.710580
-637.635877
-638.306420
-638.056802
-637.171944
-638.836032
-637.300744
-641.037034
-640.803708
-641.499631
-641.201144
-639.614745
-640.748130
-640.262554
-640.504041
-640.638188
-640.297743
-640.363600
-642.856929
-638.307287
-639.300232
-640.950357
-641.664185
-637.641945
-637.767992
-632.514458
-638.650446
-637.716622
-642.500842
-640.932328
-638.970000
-639.534983
-636.921737
-639.230130
-639.011333
-637.598834
-637.674223
-637.667105
-638.480408
-638.291680
-637.495575
-637.720012
-638.331526
-639.954463
-639.932065
-640.948083
-640.343699
-642.449109
-640.437343
-641.870775
-643.039527
-640.890413
-644.533450
-645.948595
-642.125547
-642.485647
-641.360579
-642.713168
-642.919475
-641.261888
-641.705024
-640.508268
-640.614204
-641.117727
-642.020281
-641.510965
-640.808733
-640.990706
-643.704006
-641.079849
-641.613105
-642.104262
-641.757876
-641.876567
-641.863276
-641.914933
-639.735284
-640.547836
-639.865330
-640.855330
-640.181572
-641.659376
-643.117689
-647.984178
-647.225127
-644.200169
-643.734924
-640.257709
-644.068392
-644.328791
-645.453532
-648.159212
-640.272977
-638.466828
-637.036800
-631.720783
-627.796213
-623.717847
-623.400996
-623.563813
-624.954825
-633.059037
-623.825970
-624.400578
-628.946238
-626.741757
-628.115179
-627.274127
-629.015021
-629.564035
-626.355298
-629.168479
-628.262529
-624.751022
-625.845470
-625.966281
-624.415702
-624.455649
-627.185769
-623.134406
-622.930894
-625.716918
-623.936101
-618.015892
-623.858707
-624.386249
-624.175084
-623.587383
-623.745249
-623.216586
-625.442843
-623.810750
-625.849811
-626.997718
-629.471293
-625.188801
-625.877566
-624.218367
-631.868453
-624.243236
-624.092425
-625.546978
-623.973480
-624.107220
-624.737360
-623.798995
-627.091024
-629.269628
-629.847705
-627.536382
-626.497408
-625.140082
-623.219234
-624.252979
-624.621281
-624.348603
-624.129035
-624.477034
-623.854562
-624.627331
-627.157124
-624.062723
-624.490312
-627.813538
-626.352538
-626.704272
-625.815433
-627.375925
-630.114125
-625.993147
-627.913297
-629.263976
-627.118507
-626.689653
-627.513430
-635.729136
-629.351499
-630.879012
-628.341450
-630.772311
-629.814235
-631.669580
-631.802370
-632.087575
-635.617306
-628.338122
-634.825748
-634.406298
-631.226310
-628.304122
-627.224409
-631.820796
-627.025759
-626.292935
-628.044481
-626.369471
-627.366434
-630.028273
-629.264495
-625.803210
-630.625399
-627.235429
-627.445168
-626.126821
-625.836829
-624.980291
-623.576992
-623.434572
-624.366749
-625.251190
-624.138650
-628.676303
-623.711792
-627.387260
-628.175817
-628.954562
-626.666385
-624.248615
-623.118842
-625.203436
-627.393906
-625.435132
-625.349696
-624.823257
-625.894838
-629.402171
-629.667831
-626.531917
-624.134531
-625.687468
-627.392668
-629.987845
-626.390863
-626.013473
-630.257082
-628.042848
-625.073588
-626.057945
-624.450122
-625.344520
-626.429758
-625.461589
-626.717662
-626.610178
-626.296394
-626.945392
-625.835238
-626.272452
-626.018213
-633.801350
-631.964643
-628.152565
-630.068216
-627.934623
-629.409048
-630.055125
-629.188946
-623.802650
-624.387070
-624.769241
-628.265178
-627.233373
-625.714353
-629.663293
-627.578622
-628.173417
-628.886601
-626.496199
-626.841921
-627.547891
-627.261921
-627.365194
-628.721160
-626.652946
-624.335513
-626.273841
-630.006757
-632.682259
-629.902623
-630.929302
-629.055702
-630.766942
-630.311747
-631.539536
-628.266445
-627.688174
-626.709187
-627.542372
-628.232608
-627.959771
-630.576888
-627.499756
-625.819842
-629.753019
-627.178394
-626.825733
-626.494039
-627.813205
-630.155656
-628.363946
-629.891228
-628.754599
-627.776691
-629.766054
-625.485554
-625.993690
-631.283786
-639.897050
-637.999786
-638.377655
-637.881515
-639.004625
-641.141754
-641.728566
-640.745803
-640.944049
-640.619989
-641.132699
-639.451714
-640.460523
-639.939094
-639.691186
-640.929721
-635.533590
-639.636263
-639.987298
-639.997055
-639.170014
-639.566974
-634.033266
-643.198920
-640.791647
-635.812204
-635.133509
-642.562031
-637.379845
-641.646754
-637.813149
-638.760484
-639.911887
-642.926040
-638.749550
-640.486519
-638.168444
-637.956272
-640.395138
-640.773929
-642.457067
-641.680276
-638.232257
-638.602848
-638.884308
-638.881278
-637.799961
-641.143486
-637.224746
-637.841860
-638.398417
-642.558593
-643.806472
-640.006570
-640.456813
-638.019844
-639.128475
-638.126020
-638.328397
