Rate	71.43
Rev Jump	14.29
Prior Change	14.29
Rate Tried	% Accepted	Rev Jump Tried	% Accepted	Prior Change Tried	% Accepted	Rates - Dev	Rates - Tried	Rates - Accepted	Sample Ave Acceptance	Total Ave Acceptance	
652	0.096626	130	0.053846	218	0.972477	1.133215	652	0.096626	0.282000	0.301154	
703	0.344239	131	0.038168	166	0.969880	0.627354	703	0.344239	0.408000	0.310057	
720	0.334722	128	0.039062	152	0.973684	0.627354	720	0.334722	0.394000	0.316514	
745	0.288591	121	0.033058	134	0.985075	0.627354	745	0.288591	0.351000	0.318977	
699	0.373391	111	0.036036	190	0.978947	0.627354	699	0.373391	0.451000	0.327778	
645	0.263566	118	0.033898	237	0.991561	0.627354	645	0.263566	0.409000	0.332854	
617	0.236629	82	0.012195	301	0.983389	0.627354	617	0.236629	0.443000	0.339333	
631	0.225040	92	0.000000	277	0.981949	0.627354	631	0.225040	0.414000	0.343481	
596	0.196309	120	0.016667	284	0.971831	0.627354	596	0.196309	0.395000	0.346192	
593	0.318718	125	0.032000	282	0.953901	0.453550	593	0.318718	0.462000	0.351982	
599	0.330551	121	0.000000	280	0.939286	0.453550	599	0.330551	0.461000	0.357173	
599	0.282137	126	0.015873	275	0.916364	0.453550	599	0.282137	0.423000	0.360165	
561	0.304813	132	0.000000	307	0.944625	0.453550	561	0.304813	0.461000	0.364549	
609	0.239737	121	0.000000	270	0.951852	0.453550	609	0.239737	0.403000	0.366151	
603	0.247098	121	0.016529	276	0.880435	0.453550	603	0.247098	0.394000	0.367265	
583	0.322470	133	0.000000	284	0.908451	0.453550	583	0.322470	0.446000	0.370293	
616	0.352273	130	0.007692	254	0.980315	0.453550	616	0.352273	0.467000	0.373875	
565	0.366372	114	0.017544	321	0.878505	0.453550	565	0.366372	0.491000	0.378058	
592	0.336149	138	0.007246	270	0.970370	0.453550	592	0.336149	0.462000	0.380952	
589	0.325976	110	0.009091	301	0.923588	0.453550	589	0.325976	0.471000	0.383954	
586	0.257679	129	0.007752	285	0.919298	0.453550	586	0.257679	0.414000	0.384923	
573	0.354276	118	0.008475	309	0.932039	0.453550	573	0.354276	0.492000	0.388269	
602	0.486711	110	0.045455	288	0.909722	0.453550	602	0.486711	0.560000	0.393473	
651	0.344086	99	0.050505	250	0.888000	0.545861	651	0.344086	0.451000	0.395165	
761	0.387648	105	0.038095	134	0.858209	0.545861	761	0.387648	0.414000	0.395703	
741	0.392713	104	0.028846	155	0.851613	0.545861	741	0.392713	0.426000	0.396545	
704	0.376420	108	0.055556	188	0.914894	0.545861	704	0.376420	0.443000	0.397800	
601	0.372712	132	0.000000	267	0.955056	0.545861	601	0.372712	0.479000	0.399937	
579	0.333333	122	0.008197	299	0.859532	0.545861	579	0.333333	0.451000	0.401246	
591	0.402707	122	0.016393	287	0.874564	0.545861	591	0.402707	0.491000	0.403490	
596	0.238255	100	0.030000	304	0.855263	0.706378	596	0.238255	0.405000	0.403527	
608	0.256579	118	0.008475	274	0.905109	0.706378	608	0.256579	0.405000	0.403562	
639	0.245696	121	0.008264	240	0.966667	0.706378	639	0.245696	0.390000	0.403246	
614	0.231270	126	0.015873	260	0.884615	0.706378	614	0.231270	0.374000	0.402582	
633	0.224329	112	0.017857	255	0.964706	0.706378	633	0.224329	0.390000	0.402302	
667	0.253373	83	0.000000	250	0.968000	0.706378	667	0.253373	0.411000	0.402491	
649	0.257319	124	0.008065	227	0.977974	0.706378	649	0.257319	0.390000	0.402225	
674	0.231454	112	0.026786	214	0.971963	0.706378	674	0.231454	0.367000	0.401492	
606	0.265677	121	0.008264	273	0.930403	0.706378	606	0.265677	0.416000	0.401788	
620	0.285484	117	0.017094	263	0.927757	0.706378	620	0.285484	0.423000	0.402212	
675	0.217778	94	0.000000	231	0.961039	0.706378	675	0.217778	0.369000	0.401561	
682	0.282991	106	0.037736	212	0.919811	0.706378	682	0.282991	0.392000	0.401377	
619	0.258481	117	0.008547	264	0.867424	0.706378	619	0.258481	0.390000	0.401162	
690	0.281159	120	0.033333	190	0.931579	0.706378	690	0.281159	0.375000	0.400678	
684	0.289474	112	0.035714	204	0.789216	0.706378	684	0.289474	0.363000	0.399993	
722	0.263158	124	0.056452	154	0.850649	0.706378	722	0.263158	0.328000	0.398707	
747	0.318608	92	0.010870	161	0.925466	0.706378	747	0.318608	0.388000	0.398519	
733	0.275580	109	0.064220	158	0.968354	0.706378	733	0.275580	0.362000	0.397890	
715	0.302098	101	0.049505	184	0.934783	0.706378	715	0.302098	0.393000	0.397807	
525	0.220952	118	0.000000	357	0.946779	0.706378	525	0.220952	0.454000	0.398743	
511	0.178082	109	0.000000	380	0.934211	0.706378	511	0.178082	0.446000	0.399518	
563	0.470693	113	0.026549	324	0.932099	0.434615	563	0.470693	0.570000	0.402268	
604	0.289735	99	0.000000	297	0.939394	0.693943	604	0.289735	0.454000	0.403089	
618	0.258900	111	0.036036	271	0.966790	0.693943	618	0.258900	0.426000	0.403447	
702	0.282051	108	0.055556	190	0.994737	0.693943	702	0.282051	0.393000	0.403286	
681	0.258443	129	0.000000	190	0.963158	0.693943	681	0.258443	0.359000	0.402615	
683	0.244510	112	0.026786	205	0.946341	0.693943	683	0.244510	0.364000	0.402039	
655	0.312977	136	0.029412	209	0.956938	0.693943	655	0.312977	0.409000	0.402141	
632	0.262658	117	0.017094	251	0.916335	0.693943	632	0.262658	0.398000	0.402081	
583	0.313894	88	0.056818	329	0.920973	0.693943	583	0.313894	0.491000	0.403351	
668	0.250000	119	0.033613	213	0.929577	0.693943	668	0.250000	0.369000	0.402868	
652	0.317485	120	0.016667	228	0.916667	0.693943	652	0.317485	0.418000	0.403078	
493	0.251521	106	0.028302	401	0.965087	0.693943	493	0.251521	0.514000	0.404597	
563	0.261101	89	0.022472	348	0.922414	0.693943	563	0.261101	0.470000	0.405481	
768	0.273438	90	0.000000	142	0.922535	0.693943	768	0.273438	0.341000	0.404621	
646	0.315789	102	0.039216	252	0.968254	0.693943	646	0.315789	0.452000	0.405245	
585	0.268376	93	0.010753	322	0.928571	0.693943	585	0.268376	0.457000	0.405917	
617	0.291734	87	0.000000	296	0.956081	0.693943	617	0.291734	0.463000	0.406649	
628	0.273885	83	0.000000	289	0.989619	0.693943	628	0.273885	0.458000	0.407299	
590	0.267797	81	0.024691	329	0.993921	0.693943	590	0.267797	0.487000	0.408295	
613	0.272431	91	0.021978	296	0.986486	0.693943	613	0.272431	0.461000	0.408946	
559	0.232558	110	0.009091	331	0.990937	0.693943	559	0.232558	0.459000	0.409556	
538	0.278810	124	0.016129	338	0.976331	0.693943	538	0.278810	0.482000	0.410429	
686	0.295918	112	0.035714	202	0.995050	0.693943	686	0.295918	0.408000	0.410400	
662	0.285498	101	0.039604	237	0.995781	0.693943	662	0.285498	0.429000	0.410619	
458	0.218341	96	0.020833	446	0.984305	0.693943	458	0.218341	0.541000	0.412135	
530	0.252830	111	0.018018	359	0.994429	0.693943	530	0.252830	0.493000	0.413064	
590	0.247458	89	0.022472	321	0.990654	0.693943	590	0.247458	0.466000	0.413666	
614	0.298046	86	0.011628	300	0.993333	0.693943	614	0.298046	0.482000	0.414434	
611	0.327332	100	0.030000	289	0.986159	0.693943	611	0.327332	0.488000	0.415251	
723	0.265560	142	0.000000	135	0.985185	0.693943	723	0.265560	0.325000	0.414259	
732	0.293716	116	0.043103	152	0.953947	0.693943	732	0.293716	0.365000	0.413724	
730	0.313699	111	0.009009	159	0.974843	0.693943	730	0.313699	0.385000	0.413415	
728	0.277473	111	0.054054	161	0.956522	0.693943	728	0.277473	0.362000	0.412868	
544	0.226103	94	0.000000	362	0.933702	0.693943	544	0.226103	0.461000	0.413375	
592	0.256757	84	0.011905	324	0.953704	0.693943	592	0.256757	0.462000	0.413881	
595	0.332773	89	0.022472	316	0.958861	0.693943	595	0.332773	0.503000	0.414800	
609	0.330049	94	0.021277	297	0.979798	0.693943	609	0.330049	0.494000	0.415608	
627	0.331738	91	0.000000	282	0.975177	0.693943	627	0.331738	0.483000	0.416289	
653	0.264931	98	0.020408	249	0.959839	0.693943	653	0.264931	0.414000	0.416266	
597	0.321608	117	0.008547	286	0.982517	0.693943	597	0.321608	0.474000	0.416837	
622	0.252412	117	0.000000	261	0.934866	0.693943	622	0.252412	0.401000	0.416682	
637	0.284144	101	0.000000	262	0.954198	0.693943	637	0.284144	0.431000	0.416821	
635	0.262992	102	0.000000	263	0.973384	0.693943	635	0.262992	0.423000	0.416881	
613	0.261011	142	0.007042	245	0.967347	0.693943	613	0.261011	0.398000	0.416701	
635	0.256693	145	0.006897	220	0.922727	0.693943	635	0.256693	0.367000	0.416232	
622	0.231511	126	0.015873	252	0.932540	0.693943	622	0.231511	0.381000	0.415903	
721	0.248266	111	0.045045	168	0.922619	0.693943	721	0.248266	0.339000	0.415191	
713	0.234222	128	0.023438	159	0.930818	0.693943	713	0.234222	0.318000	0.414299	
689	0.229318	121	0.033058	190	0.963158	0.693943	689	0.229318	0.345000	0.413669	
687	0.211063	119	0.000000	194	0.958763	0.693943	687	0.211063	0.331000	0.412924	
673	0.245171	109	0.009174	218	0.958716	0.693943	673	0.245171	0.375000	0.412586	
695	0.297842	116	0.034483	189	0.925926	0.693943	695	0.297842	0.386000	0.412350	
727	0.277854	103	0.058252	170	0.952941	0.693943	727	0.277854	0.370000	0.411979	
625	0.299200	111	0.036036	264	0.886364	0.693943	625	0.299200	0.425000	0.412092	
619	0.268174	95	0.021053	286	0.933566	0.693943	619	0.268174	0.435000	0.412290	
639	0.294210	102	0.000000	259	0.969112	0.693943	639	0.294210	0.439000	0.412518	
631	0.294770	110	0.000000	259	0.957529	0.693943	631	0.294770	0.434000	0.412700	
636	0.278302	102	0.009804	262	0.965649	0.693943	636	0.278302	0.431000	0.412854	
611	0.240589	106	0.037736	283	0.989399	0.693943	611	0.240589	0.431000	0.413005	
622	0.258842	139	0.007194	239	1.000000	0.693943	622	0.258842	0.401000	0.412906	
598	0.307692	102	0.000000	300	0.983333	0.693943	598	0.307692	0.479000	0.413447	
598	0.312709	100	0.000000	302	1.000000	0.693943	598	0.312709	0.489000	0.414062	
602	0.300664	78	0.025641	320	0.987500	0.693943	602	0.300664	0.499000	0.414747	
664	0.278614	95	0.010526	241	0.987552	0.693943	664	0.278614	0.424000	0.414821	
645	0.280620	119	0.000000	236	0.987288	0.693943	645	0.280620	0.414000	0.414814	
660	0.287879	113	0.000000	227	0.995595	0.693943	660	0.287879	0.416000	0.414824	
668	0.257485	123	0.032520	209	0.990431	0.693943	668	0.257485	0.383000	0.414575	
618	0.244337	122	0.016393	260	0.969231	0.693943	618	0.244337	0.405000	0.414501	
609	0.284072	117	0.000000	274	0.974453	0.693943	609	0.284072	0.440000	0.414697	
663	0.295626	110	0.018182	227	0.964758	0.693943	663	0.295626	0.417000	0.414714	
647	0.199382	119	0.016807	234	0.948718	0.693943	647	0.199382	0.353000	0.414247	
634	0.525237	156	0.032051	210	0.957143	0.360583	634	0.525237	0.539000	0.415185	
672	0.485119	112	0.035714	216	0.949074	0.391165	672	0.485119	0.535000	0.416079	
665	0.300752	125	0.008000	210	0.957143	0.547265	665	0.300752	0.402000	0.415975	
687	0.374090	106	0.028302	207	0.951691	0.547265	687	0.374090	0.457000	0.416276	
618	0.291262	109	0.027523	273	0.923077	0.547265	618	0.291262	0.435000	0.416413	
590	0.391525	116	0.034483	294	0.918367	0.547265	590	0.391525	0.505000	0.417055	
588	0.307823	108	0.018519	304	0.950658	0.547265	588	0.307823	0.472000	0.417450	
593	0.344013	89	0.011236	318	0.918239	0.547265	593	0.344013	0.497000	0.418018	
562	0.382562	110	0.045455	328	0.929878	0.547265	562	0.382562	0.525000	0.418777	
695	0.343885	118	0.050847	187	0.903743	0.547265	695	0.343885	0.414000	0.418744	
700	0.362857	77	0.012987	223	0.919283	0.547265	700	0.362857	0.460000	0.419032	
701	0.326676	96	0.020833	203	0.896552	0.547265	701	0.326676	0.413000	0.418990	
683	0.373353	108	0.037037	209	0.923445	0.547265	683	0.373353	0.452000	0.419218	
670	0.335821	110	0.000000	220	0.945455	0.547265	670	0.335821	0.433000	0.419312	
709	0.365303	120	0.008333	171	0.900585	0.547265	709	0.365303	0.414000	0.419276	
720	0.391667	106	0.000000	174	0.959770	0.547265	720	0.391667	0.449000	0.419477	
704	0.366477	107	0.000000	189	0.941799	0.547265	704	0.366477	0.436000	0.419588	
710	0.333803	116	0.000000	174	0.959770	0.547265	710	0.333803	0.404000	0.419484	
692	0.375723	125	0.016000	183	0.950820	0.547265	692	0.375723	0.436000	0.419593	
652	0.331288	138	0.021739	210	0.904762	0.547265	652	0.331288	0.409000	0.419524	
677	0.341211	142	0.007042	181	0.883978	0.547265	677	0.341211	0.392000	0.419344	
712	0.362360	113	0.000000	175	0.948571	0.547265	712	0.362360	0.424000	0.419374	
733	0.345157	103	0.000000	164	0.963415	0.547265	733	0.345157	0.411000	0.419320	
718	0.339833	105	0.009524	177	0.971751	0.547265	718	0.339833	0.417000	0.419305	
671	0.336811	119	0.000000	210	0.961905	0.547265	671	0.336811	0.428000	0.419360	
656	0.303354	118	0.000000	226	0.982301	0.547265	656	0.303354	0.421000	0.419371	
660	0.366667	128	0.007812	212	0.966981	0.547265	660	0.366667	0.448000	0.419551	
713	0.373072	122	0.008197	165	0.951515	0.547265	713	0.373072	0.424000	0.419579	
613	0.380098	107	0.037383	280	0.942857	0.547265	613	0.380098	0.501000	0.420084	
564	0.352837	106	0.037736	330	0.918182	0.547265	564	0.352837	0.506000	0.420615	
600	0.366667	84	0.023810	316	0.943038	0.547265	600	0.366667	0.520000	0.421224	
711	0.413502	96	0.031250	193	0.943005	0.547265	711	0.413502	0.479000	0.421577	
749	0.301736	103	0.019417	148	0.966216	0.691576	749	0.301736	0.371000	0.421270	
733	0.259209	102	0.029412	165	0.945455	0.691576	733	0.259209	0.349000	0.420835	
680	0.260294	75	0.066667	245	0.902041	0.691576	680	0.260294	0.403000	0.420728	
694	0.253602	44	0.000000	262	0.851145	0.691576	694	0.253602	0.399000	0.420599	
692	0.261561	57	0.000000	251	0.928287	0.691576	692	0.261561	0.414000	0.420560	
701	0.216833	46	0.000000	253	0.960474	0.691576	701	0.216833	0.395000	0.420409	
685	0.236496	85	0.023529	230	0.973913	0.691576	685	0.236496	0.388000	0.420220	
742	0.301887	104	0.028846	154	0.967532	0.691576	742	0.301887	0.376000	0.419963	
701	0.300999	120	0.041667	179	0.972067	0.691576	701	0.300999	0.390000	0.419789	
720	0.288889	101	0.029703	179	0.977654	0.691576	720	0.288889	0.386000	0.419595	
704	0.282670	109	0.045872	187	0.860963	0.691576	704	0.282670	0.365000	0.419283	
746	0.310992	99	0.000000	155	0.883871	0.691576	746	0.310992	0.369000	0.418998	
733	0.275580	122	0.000000	145	0.868966	0.691576	733	0.275580	0.328000	0.418484	
705	0.285106	115	0.026087	180	0.938889	0.691576	705	0.285106	0.373000	0.418228	
691	0.308249	127	0.023622	182	0.961538	0.691576	691	0.308249	0.391000	0.418076	
608	0.279605	83	0.024096	309	0.919094	0.691576	608	0.279605	0.456000	0.418287	
547	0.307130	112	0.017857	341	0.935484	0.691576	547	0.307130	0.489000	0.418677	
729	0.256516	119	0.008403	152	0.921053	0.691576	729	0.256516	0.328000	0.418179	
688	0.251453	147	0.027211	165	0.933333	0.691576	688	0.251453	0.331000	0.417703	
726	0.289256	107	0.037383	167	0.880240	0.691576	726	0.289256	0.361000	0.417394	
676	0.261834	86	0.058140	238	0.836134	0.691576	676	0.261834	0.381000	0.417198	
633	0.244866	110	0.054545	257	0.852140	0.691576	633	0.244866	0.380000	0.416998	
619	0.266559	92	0.010870	289	0.833910	0.691576	619	0.266559	0.407000	0.416944	
623	0.285714	103	0.019417	274	0.828467	0.691576	623	0.285714	0.407000	0.416891	
707	0.272984	124	0.064516	169	0.881657	0.691576	707	0.272984	0.350000	0.416537	
706	0.294618	131	0.022901	163	0.852761	0.691576	706	0.294618	0.350000	0.416187	
642	0.291277	114	0.017544	244	0.905738	0.691576	642	0.291277	0.410000	0.416155	
622	0.299035	131	0.000000	247	0.894737	0.691576	622	0.299035	0.407000	0.416107	
678	0.258112	119	0.033613	203	0.896552	0.691576	678	0.258112	0.361000	0.415822	
645	0.280620	123	0.048780	232	0.909483	0.691576	645	0.280620	0.398000	0.415730	
729	0.315501	129	0.007752	142	0.880282	0.691576	729	0.315501	0.356000	0.415424	
727	0.303989	124	0.016129	149	0.872483	0.691576	727	0.303989	0.353000	0.415105	
737	0.325645	109	0.027523	154	0.941558	0.691576	737	0.325645	0.388000	0.414967	
759	0.318841	90	0.000000	151	0.880795	0.691576	759	0.318841	0.375000	0.414766	
773	0.305304	87	0.022989	140	0.900000	0.691576	773	0.305304	0.364000	0.414510	
752	0.283245	92	0.010870	156	0.865385	0.691576	752	0.283245	0.349000	0.414183	
725	0.281379	96	0.041667	179	0.955307	0.691576	725	0.281379	0.379000	0.414008	
731	0.311902	94	0.021277	175	0.931429	0.691576	731	0.311902	0.393000	0.413904	
654	0.318043	120	0.033333	226	0.942478	0.691576	654	0.318043	0.425000	0.413959	
665	0.294737	114	0.000000	221	0.923077	0.691576	665	0.294737	0.400000	0.413890	
632	0.246835	103	0.009709	265	0.977358	0.691576	632	0.246835	0.416000	0.413900	
615	0.211382	98	0.020408	287	0.947735	0.691576	615	0.211382	0.404000	0.413852	
713	0.277700	86	0.023256	201	0.940299	0.691576	713	0.277700	0.389000	0.413732	
769	0.301691	76	0.026316	155	0.980645	0.691576	769	0.301691	0.386000	0.413599	
778	0.303342	67	0.000000	155	0.974194	0.691576	778	0.303342	0.387000	0.413472	
753	0.313413	94	0.000000	153	0.967320	0.691576	753	0.313413	0.384000	0.413331	
722	0.235457	104	0.009615	174	0.902299	0.691576	722	0.235457	0.328000	0.412927	
747	0.289157	85	0.011765	168	0.958333	0.691576	747	0.289157	0.378000	0.412762	
764	0.310209	83	0.000000	153	0.888889	0.691576	764	0.310209	0.373000	0.412576	
764	0.344241	95	0.000000	141	0.943262	0.691576	764	0.344241	0.396000	0.412498	
758	0.315303	85	0.000000	157	0.949045	0.691576	758	0.315303	0.388000	0.412384	
770	0.288312	89	0.000000	141	0.936170	0.691576	770	0.288312	0.354000	0.412114	
757	0.319683	85	0.000000	158	0.981013	0.691576	757	0.319683	0.397000	0.412044	
768	0.269531	85	0.000000	147	0.829932	0.691576	768	0.269531	0.329000	0.411663	
779	0.309371	82	0.000000	139	0.964029	0.691576	779	0.309371	0.375000	0.411496	
663	0.291101	120	0.016667	217	0.944700	0.691576	663	0.291101	0.400000	0.411444	
553	0.169982	97	0.000000	350	0.922857	0.691576	553	0.169982	0.417000	0.411469	
621	0.301127	92	0.000000	287	0.898955	0.442668	621	0.301127	0.445000	0.411620	
586	0.317406	101	0.009901	313	0.916933	0.442668	586	0.317406	0.474000	0.411899	
627	0.481659	125	0.032000	248	0.891129	0.442668	627	0.481659	0.527000	0.412413	
636	0.261006	113	0.000000	251	0.940239	0.726516	636	0.261006	0.402000	0.412367	
646	0.269350	104	0.000000	250	0.960000	0.726516	646	0.269350	0.414000	0.412374	
668	0.302395	115	0.000000	217	0.967742	0.726516	668	0.302395	0.412000	0.412373	
673	0.265973	117	0.000000	210	0.980952	0.726516	673	0.265973	0.385000	0.412253	
645	0.297674	110	0.018182	245	0.942857	0.726516	645	0.297674	0.425000	0.412308	
630	0.249206	104	0.000000	266	0.898496	0.726516	630	0.249206	0.396000	0.412237	
645	0.254264	108	0.000000	247	0.967611	0.726516	645	0.254264	0.403000	0.412197	
644	0.299689	103	0.000000	253	0.968379	0.726516	644	0.299689	0.438000	0.412309	
642	0.269470	117	0.000000	241	0.946058	0.726516	642	0.269470	0.401000	0.412260	
668	0.279940	89	0.000000	243	0.971193	0.726516	668	0.279940	0.423000	0.412306	
620	0.288710	100	0.000000	280	0.971429	0.726516	620	0.288710	0.451000	0.412471	
659	0.271624	101	0.000000	240	0.970833	0.726516	659	0.271624	0.412000	0.412469	
649	0.288136	105	0.000000	246	0.979675	0.726516	649	0.288136	0.428000	0.412534	
678	0.272861	116	0.000000	206	1.000000	0.726516	678	0.272861	0.391000	0.412444	
668	0.263473	105	0.000000	227	0.986784	0.726516	668	0.263473	0.400000	0.412392	
627	0.236045	134	0.000000	239	0.983264	0.726516	627	0.236045	0.383000	0.412269	
643	0.290824	107	0.000000	250	0.932000	0.726516	643	0.290824	0.420000	0.412301	
631	0.302694	100	0.000000	269	0.940520	0.726516	631	0.302694	0.444000	0.412432	
619	0.292407	113	0.017699	268	0.947761	0.726516	619	0.292407	0.437000	0.412533	
629	0.314785	98	0.000000	273	0.937729	0.726516	629	0.314785	0.454000	0.412703	
629	0.275040	114	0.000000	257	0.957198	0.726516	629	0.275040	0.419000	0.412729	
645	0.300775	100	0.000000	255	0.960784	0.726516	645	0.300775	0.439000	0.412836	
622	0.245981	110	0.000000	268	0.910448	0.726516	622	0.245981	0.397000	0.412772	
644	0.243789	104	0.000000	252	0.968254	0.726516	644	0.243789	0.401000	0.412724	
641	0.305772	108	0.000000	251	0.976096	0.726516	641	0.305772	0.441000	0.412838	
664	0.286145	93	0.000000	243	0.962963	0.726516	664	0.286145	0.424000	0.412882	
617	0.286872	113	0.000000	270	0.974074	0.726516	617	0.286872	0.440000	0.412990	
659	0.303490	116	0.000000	225	0.964444	0.726516	659	0.303490	0.417000	0.413006	
625	0.315200	102	0.000000	273	0.959707	0.726516	625	0.315200	0.459000	0.413188	
676	0.289941	107	0.000000	217	0.976959	0.726516	676	0.289941	0.408000	0.413168	
651	0.288786	110	0.009091	239	0.962343	0.726516	651	0.288786	0.419000	0.413191	
718	0.306407	101	0.019802	181	0.966851	0.726516	718	0.306407	0.397000	0.413127	
643	0.270607	116	0.025862	241	0.975104	0.726516	643	0.270607	0.412000	0.413123	
655	0.267176	101	0.000000	244	0.959016	0.726516	655	0.267176	0.409000	0.413107	
660	0.277273	102	0.000000	238	0.924370	0.726516	660	0.277273	0.403000	0.413068	
635	0.255118	107	0.018692	258	0.949612	0.726516	635	0.255118	0.409000	0.413052	
583	0.233276	107	0.000000	310	0.916129	0.726516	583	0.233276	0.420000	0.413079	
631	0.302694	99	0.000000	270	0.911111	0.726516	631	0.302694	0.437000	0.413170	
659	0.270106	95	0.000000	246	0.983740	0.726516	659	0.270106	0.420000	0.413196	
666	0.285285	106	0.018868	228	0.916667	0.726516	666	0.285285	0.401000	0.413150	
743	0.279946	88	0.011364	169	0.970414	0.726516	743	0.279946	0.373000	0.412998	
757	0.314399	102	0.000000	141	0.964539	0.726516	757	0.314399	0.374000	0.412852	
782	0.290281	79	0.000000	139	0.956835	0.726516	782	0.290281	0.360000	0.412654	
746	0.258713	86	0.000000	168	0.916667	0.726516	746	0.258713	0.347000	0.412409	
746	0.276139	94	0.000000	160	0.943750	0.726516	746	0.276139	0.357000	0.412203	
759	0.303030	89	0.011236	152	0.980263	0.726516	759	0.303030	0.380000	0.412084	
664	0.308735	143	0.006993	193	0.948187	0.726516	664	0.308735	0.389000	0.411998	
704	0.296875	104	0.019231	192	0.932292	0.726516	704	0.296875	0.390000	0.411918	
714	0.302521	107	0.037383	179	0.955307	0.726516	714	0.302521	0.391000	0.411841	
683	0.307467	108	0.009259	209	0.947368	0.726516	683	0.307467	0.409000	0.411831	
694	0.309798	111	0.018018	195	0.928205	0.726516	694	0.309798	0.398000	0.411780	
673	0.264487	157	0.038217	170	0.923529	0.726516	673	0.264487	0.341000	0.411524	
676	0.350592	131	0.022901	193	0.937824	0.726516	676	0.350592	0.421000	0.411558	
724	0.325967	93	0.010753	183	0.901639	0.726516	724	0.325967	0.402000	0.411524	
597	0.284757	126	0.000000	277	0.949458	0.726516	597	0.284757	0.433000	0.411601	
646	0.292570	103	0.000000	251	0.968127	0.726516	646	0.292570	0.432000	0.411674	
626	0.271565	102	0.000000	272	0.963235	0.726516	626	0.271565	0.432000	0.411746	
669	0.328849	94	0.000000	237	0.978903	0.726516	669	0.328849	0.452000	0.411889	
639	0.250391	102	0.000000	259	0.972973	0.726516	639	0.250391	0.412000	0.411889	
643	0.325039	104	0.000000	253	0.968379	0.726516	643	0.325039	0.454000	0.412037	
666	0.292793	107	0.000000	227	0.982379	0.726516	666	0.292793	0.418000	0.412058	
640	0.298438	123	0.000000	237	0.983122	0.726516	640	0.298438	0.424000	0.412100	
628	0.251592	122	0.000000	250	0.960000	0.726516	628	0.251592	0.398000	0.412051	
603	0.283582	117	0.000000	280	0.942857	0.726516	603	0.283582	0.435000	0.412131	
629	0.282989	111	0.000000	260	0.857692	0.726516	629	0.282989	0.401000	0.412092	
632	0.261076	102	0.000000	266	0.928571	0.726516	632	0.261076	0.412000	0.412092	
731	0.325581	101	0.009901	168	0.964286	0.726516	731	0.325581	0.401000	0.412054	
654	0.295107	127	0.007874	219	0.949772	0.726516	654	0.295107	0.402000	0.412019	
651	0.276498	104	0.000000	245	0.955102	0.726516	651	0.276498	0.414000	0.412026	
644	0.267081	125	0.000000	231	0.922078	0.726516	644	0.267081	0.385000	0.411934	
647	0.270479	108	0.000000	245	0.897959	0.726516	647	0.270479	0.395000	0.411877	
659	0.277693	102	0.000000	239	0.974895	0.726516	659	0.277693	0.416000	0.411891	
658	0.293313	96	0.000000	246	0.959350	0.726516	658	0.293313	0.429000	0.411948	
654	0.256881	101	0.000000	245	0.971429	0.726516	654	0.256881	0.406000	0.411928	
696	0.268678	111	0.027027	193	0.974093	0.726516	696	0.268678	0.378000	0.411815	
761	0.304862	87	0.022989	152	0.953947	0.726516	761	0.304862	0.379000	0.411705	
754	0.285146	91	0.000000	155	0.993548	0.726516	754	0.285146	0.369000	0.411563	
700	0.277143	102	0.019608	198	0.969697	0.726516	700	0.277143	0.388000	0.411485	
756	0.268519	82	0.000000	162	0.969136	0.726516	756	0.268519	0.360000	0.411315	
778	0.284062	87	0.022989	135	0.992593	0.726516	778	0.284062	0.357000	0.411137	
751	0.275632	90	0.011111	159	0.987421	0.726516	751	0.275632	0.365000	0.410986	
641	0.315133	151	0.026490	208	0.947115	0.726516	641	0.315133	0.403000	0.410959	
662	0.290030	152	0.019737	186	0.962366	0.726516	662	0.290030	0.374000	0.410839	
713	0.308555	116	0.008621	171	0.929825	0.726516	713	0.308555	0.380000	0.410739	
727	0.301238	116	0.025862	157	0.942675	0.726516	727	0.301238	0.370000	0.410607	
766	0.287206	90	0.000000	144	0.972222	0.726516	766	0.287206	0.360000	0.410444	
792	0.266414	64	0.000000	144	0.993056	0.726516	792	0.266414	0.354000	0.410262	
773	0.318241	98	0.000000	129	0.976744	0.726516	773	0.318241	0.372000	0.410140	
759	0.275362	85	0.000000	156	0.980769	0.726516	759	0.275362	0.362000	0.409986	
757	0.302510	78	0.000000	165	0.987879	0.726516	757	0.302510	0.392000	0.409929	
681	0.274596	131	0.007634	188	0.994681	0.726516	681	0.274596	0.375000	0.409818	
745	0.261745	83	0.012048	172	0.976744	0.726516	745	0.261745	0.364000	0.409673	
745	0.293960	81	0.024691	174	0.988506	0.726516	745	0.293960	0.393000	0.409620	
771	0.302205	85	0.000000	144	0.979167	0.726516	771	0.302205	0.374000	0.409508	
762	0.287402	81	0.000000	157	0.917197	0.726516	762	0.287402	0.363000	0.409362	
711	0.254571	100	0.020000	189	0.936508	0.726516	711	0.254571	0.360000	0.409208	
754	0.303714	89	0.022472	157	0.917197	0.726516	754	0.303714	0.375000	0.409102	
767	0.294654	93	0.000000	140	0.850000	0.726516	767	0.294654	0.345000	0.408902	
744	0.270161	86	0.011628	170	0.935294	0.726516	744	0.270161	0.361000	0.408754	
689	0.277213	118	0.042373	193	0.968912	0.726516	689	0.277213	0.383000	0.408675	
646	0.325077	115	0.008696	239	0.966527	0.726516	646	0.325077	0.442000	0.408777	
635	0.289764	103	0.000000	262	0.984733	0.726516	635	0.289764	0.442000	0.408879	
683	0.327965	96	0.010417	221	0.972851	0.726516	683	0.327965	0.440000	0.408974	
760	0.273684	94	0.021277	146	0.993151	0.726516	760	0.273684	0.355000	0.408810	
752	0.295213	83	0.000000	165	0.987879	0.726516	752	0.295213	0.385000	0.408737	
726	0.239669	110	0.009091	164	0.975610	0.726516	726	0.239669	0.335000	0.408514	
666	0.270270	78	0.025641	256	0.984375	0.726516	666	0.270270	0.434000	0.408591	
662	0.294562	104	0.000000	234	0.995726	0.726516	662	0.294562	0.428000	0.408649	
642	0.263240	114	0.000000	244	0.991803	0.726516	642	0.263240	0.411000	0.408656	
662	0.293051	97	0.000000	241	0.991701	0.726516	662	0.293051	0.433000	0.408729	
636	0.287736	128	0.000000	236	0.983051	0.726516	636	0.287736	0.415000	0.408748	
651	0.268817	126	0.000000	223	0.977578	0.726516	651	0.268817	0.393000	0.408701	
645	0.252713	104	0.000000	251	0.996016	0.726516	645	0.252713	0.413000	0.408714	
660	0.286364	112	0.000000	228	0.991228	0.726516	660	0.286364	0.415000	0.408733	
655	0.264122	103	0.000000	242	0.971074	0.726516	655	0.264122	0.408000	0.408730	
674	0.296736	116	0.000000	210	0.971429	0.726516	674	0.296736	0.404000	0.408716	
634	0.288644	118	0.000000	248	0.971774	0.726516	634	0.288644	0.424000	0.408761	
640	0.237500	117	0.000000	243	0.971193	0.726516	640	0.237500	0.388000	0.408701	
638	0.246082	115	0.000000	247	0.963563	0.726516	638	0.246082	0.395000	0.408661	
637	0.249608	100	0.000000	263	0.961977	0.726516	637	0.249608	0.412000	0.408670	
642	0.271028	111	0.000000	247	0.955466	0.726516	642	0.271028	0.410000	0.408674	
660	0.275758	104	0.000000	236	0.961864	0.726516	660	0.275758	0.409000	0.408675	
626	0.228435	121	0.000000	253	0.964427	0.726516	626	0.228435	0.387000	0.408613	
652	0.266871	117	0.000000	231	0.987013	0.726516	652	0.266871	0.402000	0.408594	
654	0.249235	103	0.019417	243	0.975309	0.726516	654	0.249235	0.402000	0.408575	
638	0.277429	109	0.000000	253	0.972332	0.726516	638	0.277429	0.423000	0.408616	
658	0.255319	107	0.000000	235	0.953191	0.726516	658	0.255319	0.392000	0.408569	
634	0.260252	105	0.000000	261	0.942529	0.726516	634	0.260252	0.411000	0.408576	
659	0.244310	110	0.000000	231	0.974026	0.726516	659	0.244310	0.386000	0.408512	
643	0.281493	103	0.000000	254	0.929134	0.726516	643	0.281493	0.417000	0.408536	
652	0.260736	115	0.000000	233	0.969957	0.726516	652	0.260736	0.396000	0.408500	
627	0.234450	104	0.000000	269	0.959108	0.726516	627	0.234450	0.405000	0.408490	
657	0.255708	120	0.000000	223	0.955157	0.726516	657	0.255708	0.381000	0.408413	
657	0.277017	99	0.000000	244	0.971311	0.726516	657	0.277017	0.419000	0.408443	
631	0.258320	121	0.000000	248	0.883065	0.726516	631	0.258320	0.382000	0.408369	
674	0.280415	96	0.000000	230	0.982609	0.726516	674	0.280415	0.415000	0.408388	
636	0.297170	105	0.000000	259	0.942085	0.726516	636	0.297170	0.433000	0.408456	
634	0.290221	111	0.000000	255	0.925490	0.726516	634	0.290221	0.420000	0.408488	
612	0.259804	134	0.000000	254	0.881890	0.726516	612	0.259804	0.383000	0.408418	
643	0.256610	129	0.000000	228	0.925439	0.726516	643	0.256610	0.376000	0.408329	
659	0.267071	95	0.000000	246	0.967480	0.726516	659	0.267071	0.414000	0.408344	
641	0.285491	115	0.000000	244	0.967213	0.726516	641	0.285491	0.419000	0.408373	
652	0.288344	113	0.000000	235	0.957447	0.726516	652	0.288344	0.413000	0.408386	
629	0.273450	110	0.000000	261	0.931034	0.726516	629	0.273450	0.415000	0.408404	
653	0.280245	98	0.000000	249	0.951807	0.726516	653	0.280245	0.420000	0.408435	
649	0.235747	118	0.000000	233	0.965665	0.726516	649	0.235747	0.378000	0.408353	
648	0.262346	93	0.000000	259	0.961390	0.726516	648	0.262346	0.419000	0.408382	
625	0.275200	120	0.000000	255	0.945098	0.726516	625	0.275200	0.413000	0.408394	
633	0.300158	107	0.000000	260	0.953846	0.726516	633	0.300158	0.438000	0.408473	
657	0.296804	112	0.000000	231	0.956710	0.726516	657	0.296804	0.416000	0.408494	
635	0.255118	116	0.000000	249	0.959839	0.726516	635	0.255118	0.401000	0.408474	
628	0.254777	100	0.000000	272	0.919118	0.726516	628	0.254777	0.410000	0.408478	
614	0.285016	110	0.000000	276	0.920290	0.726516	614	0.285016	0.429000	0.408532	
634	0.291798	109	0.009174	257	0.957198	0.726516	634	0.291798	0.432000	0.408594	
637	0.274725	132	0.007576	231	0.961039	0.726516	637	0.274725	0.398000	0.408566	
619	0.273021	119	0.000000	262	0.973282	0.726516	619	0.273021	0.424000	0.408607	
629	0.259141	120	0.000000	251	0.940239	0.726516	629	0.259141	0.399000	0.408582	
614	0.273616	128	0.000000	258	0.937984	0.726516	614	0.273616	0.410000	0.408585	
669	0.304933	117	0.017094	214	0.976636	0.726516	669	0.304933	0.415000	0.408602	
629	0.254372	112	0.000000	259	0.949807	0.726516	629	0.254372	0.406000	0.408595	
570	0.287719	105	0.009524	325	0.972308	0.726516	570	0.287719	0.481000	0.408783	
624	0.256410	134	0.007463	242	0.962810	0.726516	624	0.256410	0.394000	0.408745	
634	0.280757	113	0.000000	253	0.932806	0.726516	634	0.280757	0.414000	0.408759	
654	0.301223	111	0.000000	235	0.902128	0.726516	654	0.301223	0.409000	0.408759	
640	0.270313	97	0.000000	263	0.980989	0.726516	640	0.270313	0.431000	0.408816	
625	0.297600	90	0.000000	285	0.915789	0.726516	625	0.297600	0.447000	0.408914	
619	0.295638	117	0.000000	264	0.958333	0.726516	619	0.295638	0.436000	0.408984	
647	0.316847	106	0.000000	247	0.963563	0.726516	647	0.316847	0.443000	0.409070	
659	0.280728	103	0.000000	238	0.974790	0.726516	659	0.280728	0.417000	0.409091	
659	0.265554	120	0.016667	221	0.959276	0.726516	659	0.265554	0.389000	0.409040	
647	0.290572	113	0.000000	240	0.970833	0.726516	647	0.290572	0.421000	0.409070	
636	0.264151	107	0.009346	257	0.883268	0.726516	636	0.264151	0.396000	0.409037	
679	0.324006	136	0.022059	185	0.956757	0.726516	679	0.324006	0.400000	0.409014	
676	0.298817	141	0.014184	183	0.967213	0.726516	676	0.298817	0.381000	0.408944	
710	0.271831	121	0.024793	169	0.917160	0.726516	710	0.271831	0.351000	0.408798	
751	0.291611	108	0.000000	141	0.879433	0.726516	751	0.291611	0.343000	0.408634	
744	0.284946	106	0.000000	150	0.746667	0.726516	744	0.284946	0.324000	0.408423	
755	0.299338	117	0.025641	128	0.890625	0.726516	755	0.299338	0.343000	0.408260	
751	0.284953	122	0.008197	127	0.889764	0.726516	751	0.284953	0.328000	0.408061	
752	0.277926	102	0.019608	146	0.890411	0.726516	752	0.277926	0.341000	0.407895	
755	0.311258	96	0.020833	149	0.959732	0.726516	755	0.311258	0.380000	0.407826	
773	0.275550	89	0.000000	138	0.963768	0.726516	773	0.275550	0.346000	0.407674	
704	0.252841	94	0.021277	202	0.945545	0.726516	704	0.252841	0.371000	0.407584	
765	0.284967	95	0.000000	140	0.985714	0.726516	765	0.284967	0.356000	0.407457	
749	0.296395	87	0.000000	164	0.957317	0.726516	749	0.296395	0.379000	0.407388	
761	0.298292	80	0.000000	159	0.955975	0.726516	761	0.298292	0.379000	0.407319	
741	0.283401	85	0.000000	174	0.977011	0.726516	741	0.283401	0.380000	0.407252	
757	0.274769	88	0.000000	155	0.961290	0.726516	757	0.274769	0.357000	0.407130	
737	0.272727	95	0.021053	168	0.970238	0.726516	737	0.272727	0.366000	0.407030	
712	0.244382	103	0.019417	185	0.983784	0.726516	712	0.244382	0.358000	0.406912	
723	0.218534	80	0.012500	197	0.959391	0.726516	723	0.218534	0.348000	0.406770	
685	0.192701	96	0.000000	219	0.958904	0.726516	685	0.192701	0.342000	0.406614	
727	0.308116	101	0.039604	172	0.947674	0.643271	727	0.308116	0.391000	0.406577	
730	0.364384	85	0.011765	185	0.913514	0.643271	730	0.364384	0.436000	0.406647	
736	0.307065	86	0.011628	178	0.971910	0.643271	736	0.307065	0.400000	0.406631	
713	0.339411	100	0.020000	187	0.994652	0.643271	713	0.339411	0.430000	0.406687	
689	0.313498	91	0.000000	220	0.963636	0.643271	689	0.313498	0.428000	0.406738	
661	0.295008	99	0.000000	240	0.979167	0.643271	661	0.295008	0.430000	0.406793	
631	0.321712	112	0.000000	257	0.980545	0.643271	631	0.321712	0.455000	0.406907	
650	0.333846	101	0.000000	249	0.975904	0.643271	650	0.333846	0.460000	0.407032	
702	0.354701	108	0.018519	190	0.978947	0.643271	702	0.354701	0.437000	0.407103	
664	0.325301	90	0.000000	246	0.987805	0.643271	664	0.325301	0.459000	0.407224	
676	0.362426	92	0.000000	232	0.978448	0.643271	676	0.362426	0.472000	0.407376	
682	0.363636	97	0.010309	221	0.977376	0.643271	682	0.363636	0.465000	0.407511	
734	0.377384	105	0.000000	161	0.993789	0.643271	734	0.377384	0.437000	0.407579	
687	0.334789	112	0.026786	201	0.980100	0.643271	687	0.334789	0.430000	0.407632	
621	0.349436	114	0.000000	265	0.981132	0.643271	621	0.349436	0.477000	0.407793	
654	0.373089	98	0.000000	248	0.979839	0.643271	654	0.373089	0.487000	0.407976	
647	0.366306	105	0.000000	248	0.979839	0.643271	647	0.366306	0.480000	0.408142	
639	0.347418	110	0.000000	251	0.948207	0.643271	639	0.347418	0.460000	0.408262	
738	0.329268	95	0.052632	167	0.946108	0.643271	738	0.329268	0.406000	0.408257	
763	0.338139	86	0.000000	151	0.933775	0.643271	763	0.338139	0.399000	0.408235	
765	0.346405	85	0.023529	150	0.920000	0.643271	765	0.346405	0.405000	0.408228	
696	0.307471	113	0.017699	191	0.947644	0.643271	696	0.307471	0.397000	0.408202	
736	0.319293	104	0.028846	160	0.925000	0.643271	736	0.319293	0.386000	0.408152	
704	0.350852	134	0.029851	162	0.969136	0.643271	704	0.350852	0.408000	0.408151	
738	0.338753	103	0.038835	159	0.943396	0.643271	738	0.338753	0.404000	0.408142	
765	0.367320	91	0.010989	144	0.895833	0.643271	765	0.367320	0.411000	0.408148	
766	0.331593	92	0.000000	142	0.915493	0.643271	766	0.331593	0.384000	0.408094	
712	0.356742	126	0.023810	162	0.932099	0.643271	712	0.356742	0.408000	0.408094	
676	0.380178	167	0.000000	157	0.936306	0.643271	676	0.380178	0.404000	0.408084	
707	0.360679	128	0.015625	165	0.927273	0.643271	707	0.360679	0.410000	0.408089	
725	0.361379	118	0.016949	157	0.942675	0.643271	725	0.361379	0.412000	0.408098	
678	0.334808	139	0.050360	183	0.956284	0.643271	678	0.334808	0.409000	0.408100	
600	0.295000	133	0.022556	267	0.973783	0.643271	600	0.295000	0.440000	0.408171	
714	0.317927	141	0.028369	145	0.972414	0.643271	714	0.317927	0.372000	0.408090	
688	0.376453	137	0.014599	175	0.971429	0.643271	688	0.376453	0.431000	0.408141	
686	0.381924	147	0.027211	167	0.928144	0.643271	686	0.381924	0.421000	0.408169	
754	0.354111	112	0.017857	134	0.835821	0.643271	754	0.354111	0.381000	0.408109	
672	0.363095	126	0.063492	202	0.925743	0.643271	672	0.363095	0.439000	0.408178	
526	0.340304	164	0.006098	310	0.948387	0.643271	526	0.340304	0.474000	0.408322	
655	0.369466	145	0.006897	200	0.985000	0.643271	655	0.369466	0.440000	0.408392	
642	0.370717	172	0.005814	186	0.978495	0.643271	642	0.370717	0.421000	0.408419	
711	0.372714	108	0.009259	181	0.955801	0.643271	711	0.372714	0.439000	0.408486	
627	0.317384	108	0.000000	265	0.841509	0.643271	627	0.317384	0.422000	0.408515	
649	0.345146	103	0.000000	248	0.951613	0.643271	649	0.345146	0.460000	0.408627	
677	0.323486	81	0.000000	242	0.876033	0.643271	677	0.323486	0.431000	0.408676	
653	0.344564	94	0.000000	253	0.861660	0.643271	653	0.344564	0.443000	0.408750	
649	0.322034	95	0.000000	256	0.960938	0.643271	649	0.322034	0.455000	0.408850	
656	0.347561	94	0.000000	250	0.968000	0.643271	656	0.347561	0.470000	0.408982	
642	0.317757	108	0.000000	250	0.972000	0.643271	642	0.317757	0.447000	0.409064	
644	0.341615	114	0.000000	242	0.958678	0.643271	644	0.341615	0.452000	0.409156	
653	0.301685	114	0.000000	233	0.961373	0.643271	653	0.301685	0.421000	0.409181	
656	0.335366	106	0.000000	238	0.970588	0.643271	656	0.335366	0.451000	0.409270	
629	0.343402	110	0.000000	261	0.946360	0.643271	629	0.343402	0.463000	0.409385	
622	0.369775	112	0.000000	266	0.932331	0.643271	622	0.369775	0.478000	0.409531	
635	0.319685	109	0.000000	256	0.957031	0.643271	635	0.319685	0.448000	0.409613	
659	0.349014	114	0.000000	227	0.933921	0.643271	659	0.349014	0.442000	0.409681	
618	0.245955	102	0.009804	280	0.967857	0.643271	618	0.245955	0.424000	0.409712	
666	0.310811	98	0.010204	236	0.966102	0.643271	666	0.310811	0.436000	0.409767	
650	0.321538	108	0.000000	242	0.975207	0.643271	650	0.321538	0.445000	0.409841	
655	0.320611	99	0.000000	246	0.959350	0.643271	655	0.320611	0.446000	0.409917	
648	0.311728	99	0.000000	253	0.928854	0.643271	648	0.311728	0.437000	0.409974	
668	0.302395	89	0.000000	243	0.983539	0.643271	668	0.302395	0.441000	0.410039	
622	0.324759	110	0.000000	268	0.977612	0.643271	622	0.324759	0.464000	0.410152	
633	0.341232	113	0.000000	254	0.980315	0.643271	633	0.341232	0.465000	0.410266	
635	0.332283	112	0.000000	253	0.928854	0.643271	635	0.332283	0.446000	0.410340	
654	0.325688	92	0.021739	254	0.929134	0.643271	654	0.325688	0.451000	0.410424	
640	0.292187	123	0.000000	237	0.966245	0.643271	640	0.292187	0.416000	0.410436	
646	0.342105	113	0.017699	241	0.950207	0.643271	646	0.342105	0.452000	0.410522	
655	0.302290	106	0.000000	239	0.966527	0.643271	655	0.302290	0.429000	0.410560	
653	0.366003	119	0.000000	228	0.973684	0.643271	653	0.366003	0.461000	0.410664	
656	0.310976	103	0.019417	241	0.983402	0.643271	656	0.310976	0.443000	0.410730	
654	0.333333	111	0.000000	235	0.970213	0.643271	654	0.333333	0.446000	0.410802	
603	0.336650	148	0.013514	249	0.907631	0.643271	603	0.336650	0.431000	0.410844	
652	0.328221	163	0.042945	185	0.945946	0.643271	652	0.328221	0.396000	0.410813	
658	0.367781	119	0.008403	223	0.910314	0.643271	658	0.367781	0.446000	0.410885	
647	0.309119	123	0.000000	230	0.969565	0.643271	647	0.309119	0.423000	0.410910	
670	0.308955	111	0.000000	219	0.981735	0.643271	670	0.308955	0.422000	0.410932	
677	0.344165	85	0.000000	238	0.991597	0.643271	677	0.344165	0.469000	0.411050	
631	0.318542	113	0.000000	256	0.976562	0.643271	631	0.318542	0.451000	0.411130	
649	0.300462	105	0.000000	246	0.971545	0.643271	649	0.300462	0.434000	0.411177	
636	0.301887	101	0.009901	263	0.965779	0.643271	636	0.301887	0.447000	0.411249	
640	0.293750	100	0.010000	260	0.896154	0.643271	640	0.293750	0.422000	0.411270	
628	0.302548	106	0.000000	266	0.951128	0.643271	628	0.302548	0.443000	0.411334	
645	0.313178	116	0.000000	239	0.974895	0.643271	645	0.313178	0.435000	0.411381	
633	0.328594	118	0.000000	249	0.927711	0.643271	633	0.328594	0.439000	0.411436	
665	0.318797	102	0.000000	233	0.909871	0.643271	665	0.318797	0.424000	0.411461	
657	0.331811	119	0.000000	224	0.968750	0.643271	657	0.331811	0.435000	0.411508	
635	0.311811	97	0.010309	268	0.962687	0.643271	635	0.311811	0.457000	0.411598	
662	0.362538	101	0.009901	237	0.983122	0.643271	662	0.362538	0.474000	0.411722	
696	0.354885	106	0.028302	198	0.969697	0.643271	696	0.354885	0.442000	0.411782	
741	0.341430	88	0.022727	171	0.994152	0.643271	741	0.341430	0.425000	0.411808	
760	0.332895	90	0.000000	150	1.000000	0.643271	760	0.332895	0.403000	0.411791	
766	0.357702	67	0.000000	167	0.988024	0.643271	766	0.357702	0.439000	0.411844	
776	0.347938	76	0.000000	148	0.966216	0.643271	776	0.347938	0.413000	0.411846	
777	0.334620	83	0.000000	140	0.971429	0.643271	777	0.334620	0.396000	0.411815	
740	0.359459	91	0.000000	169	0.970414	0.643271	740	0.359459	0.430000	0.411851	
743	0.348587	99	0.000000	158	0.962025	0.643271	743	0.348587	0.411000	0.411849	
745	0.347651	81	0.000000	174	0.988506	0.643271	745	0.347651	0.431000	0.411886	
738	0.368564	105	0.000000	157	0.961783	0.643271	738	0.368564	0.423000	0.411908	
768	0.342448	79	0.000000	153	0.895425	0.643271	768	0.342448	0.400000	0.411885	
774	0.313953	85	0.023529	141	0.865248	0.643271	774	0.313953	0.367000	0.411798	
769	0.362809	85	0.000000	146	0.890411	0.643271	769	0.362809	0.409000	0.411793	
741	0.344130	89	0.044944	170	0.923529	0.643271	741	0.344130	0.416000	0.411801	
614	0.267101	105	0.009524	281	0.939502	0.643271	614	0.267101	0.429000	0.411834	
634	0.310726	119	0.000000	247	0.935223	0.643271	634	0.310726	0.428000	0.411865	
647	0.321484	104	0.000000	249	0.951807	0.643271	647	0.321484	0.445000	0.411928	
639	0.356808	117	0.000000	244	0.938525	0.643271	639	0.356808	0.457000	0.412015	
701	0.350927	109	0.045872	190	0.957895	0.643271	701	0.350927	0.433000	0.412055	
752	0.369681	99	0.000000	149	0.979866	0.643271	752	0.369681	0.424000	0.412077	
712	0.373596	106	0.018868	182	0.950549	0.643271	712	0.373596	0.441000	0.412132	
716	0.314246	110	0.018182	174	0.936782	0.643271	716	0.314246	0.390000	0.412090	
746	0.376676	97	0.020619	157	0.968153	0.643271	746	0.376676	0.435000	0.412134	
759	0.386034	95	0.010526	146	0.931507	0.643271	759	0.386034	0.430000	0.412167	
740	0.360811	108	0.027778	152	0.940789	0.643271	740	0.360811	0.413000	0.412169	
717	0.327755	109	0.009174	174	0.913793	0.643271	717	0.327755	0.395000	0.412137	
688	0.311047	96	0.020833	216	0.967593	0.643271	688	0.311047	0.425000	0.412161	
639	0.323944	106	0.000000	255	0.945098	0.643271	639	0.323944	0.448000	0.412228	
622	0.313505	123	0.000000	255	0.937255	0.643271	622	0.313505	0.434000	0.412269	
623	0.316212	115	0.000000	262	0.942748	0.643271	623	0.316212	0.444000	0.412328	
639	0.369327	121	0.000000	240	0.945833	0.643271	639	0.369327	0.463000	0.412423	
663	0.300151	106	0.000000	231	0.974026	0.643271	663	0.300151	0.424000	0.412444	
649	0.266564	96	0.020833	255	0.960784	0.643271	649	0.266564	0.420000	0.412458	
626	0.309904	130	0.000000	244	0.959016	0.643271	626	0.309904	0.428000	0.412487	
717	0.337517	82	0.036585	201	0.905473	0.643271	717	0.337517	0.427000	0.412514	
701	0.342368	91	0.010989	208	0.975962	0.643271	701	0.342368	0.444000	0.412572	
651	0.336406	110	0.000000	239	0.987448	0.643271	651	0.336406	0.455000	0.412651	
673	0.328380	102	0.000000	225	0.986667	0.643271	673	0.328380	0.443000	0.412706	
636	0.311321	128	0.000000	236	0.936441	0.643271	636	0.311321	0.419000	0.412718	
624	0.346154	108	0.000000	268	0.951493	0.643271	624	0.346154	0.471000	0.412825	
658	0.352584	105	0.038095	237	0.957806	0.643271	658	0.352584	0.463000	0.412917	
687	0.368268	111	0.000000	202	0.970297	0.643271	687	0.368268	0.449000	0.412983	
725	0.361379	112	0.000000	163	0.950920	0.643271	725	0.361379	0.417000	0.412990	
685	0.370803	115	0.017391	200	0.985000	0.643271	685	0.370803	0.453000	0.413063	
716	0.367318	109	0.000000	175	0.965714	0.643271	716	0.367318	0.432000	0.413097	
701	0.365193	106	0.000000	193	0.974093	0.643271	701	0.365193	0.444000	0.413154	
685	0.334307	117	0.000000	198	0.979798	0.643271	685	0.334307	0.423000	0.413171	
647	0.231839	76	0.013158	277	0.913357	0.643271	647	0.231839	0.404000	0.413155	
657	0.298326	89	0.011236	254	0.972441	0.643271	657	0.298326	0.444000	0.413210	
716	0.391061	95	0.000000	189	0.973545	0.643271	716	0.391061	0.464000	0.413302	
680	0.385294	128	0.015625	192	0.953125	0.643271	680	0.385294	0.447000	0.413363	
658	0.261398	142	0.007042	200	0.970000	0.643271	658	0.261398	0.367000	0.413279	
673	0.280832	98	0.020408	229	0.973799	0.643271	673	0.280832	0.414000	0.413281	
655	0.305344	105	0.009524	240	0.945833	0.643271	655	0.305344	0.428000	0.413307	
656	0.341463	112	0.000000	232	0.969828	0.643271	656	0.341463	0.449000	0.413371	
621	0.326892	119	0.016807	260	0.965385	0.643271	621	0.326892	0.456000	0.413447	
628	0.335987	107	0.000000	265	0.954717	0.643271	628	0.335987	0.464000	0.413537	
627	0.299841	102	0.000000	271	0.966790	0.643271	627	0.299841	0.450000	0.413601	
626	0.314696	101	0.000000	273	0.952381	0.643271	626	0.314696	0.457000	0.413678	
644	0.321429	103	0.000000	253	0.952569	0.643271	644	0.321429	0.448000	0.413739	
596	0.271812	92	0.010870	312	0.951923	0.643271	596	0.271812	0.460000	0.413821	
603	0.301824	103	0.009709	294	0.979592	0.643271	603	0.301824	0.471000	0.413922	
658	0.294833	110	0.000000	232	0.926724	0.643271	658	0.294833	0.409000	0.413913	
662	0.324773	102	0.000000	236	0.957627	0.643271	662	0.324773	0.441000	0.413961	
653	0.336907	101	0.000000	246	0.947154	0.643271	653	0.336907	0.453000	0.414029	
665	0.332331	92	0.000000	243	0.934156	0.643271	665	0.332331	0.448000	0.414089	
669	0.322870	104	0.000000	227	0.973568	0.643271	669	0.322870	0.437000	0.414129	
658	0.314590	103	0.000000	239	0.970711	0.643271	658	0.314590	0.439000	0.414172	
627	0.374801	117	0.000000	256	0.902344	0.643271	627	0.374801	0.466000	0.414262	
621	0.334944	119	0.000000	260	0.915385	0.643271	621	0.334944	0.446000	0.414318	
646	0.349845	108	0.000000	246	0.955285	0.643271	646	0.349845	0.461000	0.414399	
670	0.335821	108	0.000000	222	0.968468	0.643271	670	0.335821	0.440000	0.414443	
608	0.212171	97	0.020619	295	0.901695	0.643271	608	0.212171	0.397000	0.414413	
728	0.300824	107	0.018692	165	0.939394	0.643271	728	0.300824	0.376000	0.414346	
702	0.323362	121	0.041322	177	0.932203	0.643271	702	0.323362	0.397000	0.414317	
770	0.355844	77	0.000000	153	0.901961	0.643271	770	0.355844	0.412000	0.414313	
722	0.295014	94	0.021277	184	0.972826	0.643271	722	0.295014	0.394000	0.414278	
645	0.268217	97	0.010309	258	0.961240	0.643271	645	0.268217	0.422000	0.414291	
634	0.334385	105	0.000000	261	0.927203	0.643271	634	0.334385	0.454000	0.414359	
650	0.304615	89	0.000000	261	0.915709	0.643271	650	0.304615	0.437000	0.414398	
661	0.299546	110	0.000000	229	0.965066	0.643271	661	0.299546	0.419000	0.414405	
647	0.360124	103	0.019417	250	0.884000	0.643271	647	0.360124	0.456000	0.414476	
666	0.321321	96	0.000000	238	0.983193	0.643271	666	0.321321	0.448000	0.414533	
641	0.346334	105	0.000000	254	0.972441	0.643271	641	0.346334	0.469000	0.414626	
633	0.360190	107	0.000000	260	0.930769	0.643271	633	0.360190	0.470000	0.414720	
647	0.343122	125	0.000000	228	0.964912	0.643271	647	0.343122	0.442000	0.414766	
661	0.337368	117	0.017094	222	0.963964	0.643271	661	0.337368	0.439000	0.414807	
633	0.336493	106	0.000000	261	0.946360	0.643271	633	0.336493	0.460000	0.414883	
699	0.353362	105	0.028571	196	0.948980	0.643271	699	0.353362	0.436000	0.414918	
732	0.307377	101	0.019802	167	0.964072	0.643271	732	0.307377	0.388000	0.414873	
780	0.344872	75	0.000000	145	0.972414	0.643271	780	0.344872	0.410000	0.414865	
751	0.316911	87	0.000000	162	0.993827	0.643271	751	0.316911	0.399000	0.414839	
778	0.376607	75	0.000000	147	0.986395	0.643271	778	0.376607	0.438000	0.414877	
741	0.367072	97	0.020619	162	0.962963	0.643271	741	0.367072	0.430000	0.414902	
752	0.324468	81	0.012346	167	0.964072	0.643271	752	0.324468	0.406000	0.414888	
721	0.324549	106	0.037736	173	1.000000	0.643271	721	0.324549	0.411000	0.414881	
735	0.345578	97	0.020619	168	0.982143	0.643271	735	0.345578	0.421000	0.414891	
730	0.336986	105	0.009524	165	0.981818	0.643271	730	0.336986	0.409000	0.414882	
715	0.358042	93	0.032258	192	0.953125	0.643271	715	0.358042	0.442000	0.414926	
646	0.315789	104	0.000000	250	0.960000	0.643271	646	0.315789	0.444000	0.414975	
652	0.334356	107	0.000000	241	0.950207	0.643271	652	0.334356	0.447000	0.415027	
655	0.325191	104	0.019231	241	0.912863	0.643271	655	0.325191	0.435000	0.415060	
629	0.352941	98	0.000000	273	0.901099	0.643271	629	0.352941	0.468000	0.415147	
629	0.308426	107	0.000000	264	0.958333	0.643271	629	0.308426	0.447000	0.415200	
639	0.312989	94	0.000000	267	0.943820	0.643271	639	0.312989	0.452000	0.415260	
602	0.333887	124	0.000000	274	0.919708	0.643271	602	0.333887	0.453000	0.415322	
674	0.347181	109	0.000000	217	0.967742	0.643271	674	0.347181	0.444000	0.415369	
647	0.349304	114	0.000000	239	0.970711	0.643271	647	0.349304	0.458000	0.415438	
656	0.318598	103	0.000000	241	0.983402	0.643271	656	0.318598	0.446000	0.415488	
647	0.336940	89	0.000000	264	0.988636	0.643271	647	0.336940	0.479000	0.415591	
676	0.346154	107	0.000000	217	0.981567	0.643271	676	0.346154	0.447000	0.415642	
624	0.309295	83	0.012048	293	0.969283	0.643271	624	0.309295	0.478000	0.415743	
672	0.263393	119	0.008403	209	0.995215	0.643271	672	0.263393	0.386000	0.415695	
585	0.188034	104	0.009615	311	0.987138	0.643271	585	0.188034	0.418000	0.415699	
693	0.447330	94	0.021277	213	0.995305	0.458873	693	0.447330	0.524000	0.415874	
741	0.383266	104	0.000000	155	0.987097	0.589122	741	0.383266	0.437000	0.415908	
730	0.379452	81	0.024691	189	0.984127	0.589122	730	0.379452	0.465000	0.415986	
769	0.384915	66	0.000000	165	0.957576	0.589122	769	0.384915	0.454000	0.416047	
747	0.366801	91	0.000000	162	0.944444	0.589122	747	0.366801	0.427000	0.416065	
760	0.353947	85	0.023529	155	0.916129	0.589122	760	0.353947	0.413000	0.416060	
763	0.385321	93	0.000000	144	0.854167	0.589122	763	0.385321	0.417000	0.416062	
764	0.373037	96	0.000000	140	0.921429	0.589122	764	0.373037	0.414000	0.416058	
747	0.412316	89	0.000000	164	0.969512	0.589122	747	0.412316	0.467000	0.416139	
772	0.283679	76	0.000000	152	0.921053	0.687234	772	0.283679	0.359000	0.416049	
778	0.317481	87	0.000000	135	0.955556	0.687234	778	0.317481	0.376000	0.415985	
776	0.347938	86	0.000000	138	0.927536	0.687234	776	0.347938	0.398000	0.415957	
736	0.317935	96	0.020833	168	0.922619	0.687234	736	0.317935	0.391000	0.415917	
703	0.281650	103	0.019417	194	0.896907	0.687234	703	0.281650	0.374000	0.415851	
707	0.298444	89	0.022472	204	0.950980	0.687234	707	0.298444	0.407000	0.415837	
700	0.248571	111	0.009009	189	0.920635	0.687234	700	0.248571	0.349000	0.415732	
728	0.313187	107	0.009346	165	0.969697	0.687234	728	0.313187	0.389000	0.415690	
765	0.352941	88	0.000000	147	0.938776	0.687234	765	0.352941	0.408000	0.415678	
731	0.302326	112	0.026786	157	0.968153	0.687234	731	0.302326	0.376000	0.415615	
736	0.354620	112	0.000000	152	0.888158	0.687234	736	0.354620	0.396000	0.415585	
696	0.300287	120	0.016667	184	0.934783	0.687234	696	0.300287	0.383000	0.415534	
717	0.316597	98	0.000000	185	0.962162	0.687234	717	0.316597	0.405000	0.415517	
713	0.309958	107	0.009346	180	0.927778	0.687234	713	0.309958	0.389000	0.415476	
641	0.304212	141	0.049645	218	0.944954	0.687234	641	0.304212	0.408000	0.415464	
679	0.334315	103	0.019417	218	0.949541	0.687234	679	0.334315	0.436000	0.415496	
708	0.350282	105	0.000000	187	0.935829	0.687234	708	0.350282	0.423000	0.415508	
724	0.330110	105	0.000000	171	0.964912	0.687234	724	0.330110	0.404000	0.415490	
687	0.308588	102	0.000000	211	0.933649	0.687234	687	0.308588	0.409000	0.415480	
699	0.327611	104	0.000000	197	0.893401	0.687234	699	0.327611	0.405000	0.415464	
717	0.340307	114	0.017544	169	0.923077	0.687234	717	0.340307	0.402000	0.415443	
674	0.313056	129	0.015504	197	0.913706	0.687234	674	0.313056	0.393000	0.415409	
746	0.309651	117	0.017094	137	0.890511	0.687234	746	0.309651	0.355000	0.415316	
728	0.302198	128	0.007812	144	0.965278	0.687234	728	0.302198	0.360000	0.415231	
710	0.302817	133	0.060150	157	0.942675	0.687234	710	0.302817	0.371000	0.415163	
708	0.343220	99	0.040404	193	0.865285	0.687234	708	0.343220	0.414000	0.415161	
744	0.315860	107	0.028037	149	0.939597	0.687234	744	0.315860	0.378000	0.415105	
721	0.352288	112	0.035714	167	0.952096	0.687234	721	0.352288	0.417000	0.415108	
684	0.339181	123	0.040650	193	0.953368	0.687234	684	0.339181	0.421000	0.415117	
634	0.334385	147	0.020408	219	0.972603	0.687234	634	0.334385	0.428000	0.415136	
622	0.337621	119	0.000000	259	0.930502	0.687234	622	0.337621	0.451000	0.415191	
635	0.343307	105	0.000000	260	0.938462	0.687234	635	0.343307	0.462000	0.415261	
621	0.307568	104	0.000000	275	0.912727	0.687234	621	0.307568	0.442000	0.415302	
625	0.283200	104	0.000000	271	0.963100	0.687234	625	0.283200	0.438000	0.415336	
656	0.292683	114	0.000000	230	0.973913	0.687234	656	0.292683	0.416000	0.415337	
632	0.264241	113	0.000000	255	0.956863	0.687234	632	0.264241	0.411000	0.415331	
668	0.345808	105	0.000000	227	0.955947	0.687234	668	0.345808	0.448000	0.415380	
642	0.358255	114	0.000000	244	0.975410	0.687234	642	0.358255	0.468000	0.415459	
648	0.304012	111	0.000000	241	0.954357	0.687234	648	0.304012	0.427000	0.415476	
646	0.275542	115	0.000000	239	0.895397	0.687234	646	0.275542	0.392000	0.415441	
651	0.307220	102	0.029412	247	0.910931	0.687234	651	0.307220	0.428000	0.415460	
753	0.302789	91	0.000000	156	0.916667	0.687234	753	0.302789	0.371000	0.415393	
672	0.309524	111	0.009009	217	0.981567	0.687234	672	0.309524	0.422000	0.415403	
633	0.273302	129	0.000000	238	0.974790	0.687234	633	0.273302	0.405000	0.415388	
627	0.298246	109	0.000000	264	0.984848	0.687234	627	0.298246	0.447000	0.415435	
659	0.318665	106	0.000000	235	0.978723	0.687234	659	0.318665	0.440000	0.415471	
636	0.248428	115	0.000000	249	0.883534	0.687234	636	0.248428	0.378000	0.415416	
653	0.307810	93	0.000000	254	0.964567	0.687234	653	0.307810	0.446000	0.415461	
611	0.166939	104	0.009615	285	0.989474	0.687234	611	0.166939	0.385000	0.415416	
640	0.376563	117	0.025641	243	0.897119	0.556861	640	0.376563	0.462000	0.415485	
663	0.354449	107	0.000000	230	0.986957	0.556861	663	0.354449	0.462000	0.415553	
660	0.365152	93	0.021505	247	0.979757	0.556861	660	0.365152	0.485000	0.415655	
664	0.400602	91	0.000000	245	0.987755	0.556861	664	0.400602	0.508000	0.415791	
628	0.195860	120	0.016667	252	0.980159	0.913533	628	0.195860	0.372000	0.415727	
661	0.419062	117	0.000000	222	0.977477	0.516611	661	0.419062	0.494000	0.415841	
629	0.195548	100	0.000000	271	0.974170	0.888262	629	0.195548	0.387000	0.415799	
693	0.388167	102	0.000000	205	0.956098	0.565792	693	0.388167	0.465000	0.415871	
653	0.392037	121	0.000000	226	0.960177	0.565792	653	0.392037	0.473000	0.415954	
665	0.389474	110	0.027273	225	0.982222	0.565792	665	0.389474	0.483000	0.416052	
660	0.356061	96	0.010417	244	0.909836	0.565792	660	0.356061	0.458000	0.416113	
644	0.380435	115	0.000000	241	0.904564	0.565792	644	0.380435	0.463000	0.416181	
646	0.340557	83	0.000000	271	0.900369	0.565792	646	0.340557	0.464000	0.416250	
650	0.410769	111	0.000000	239	0.958159	0.565792	650	0.410769	0.496000	0.416366	
608	0.177632	123	0.000000	269	0.933086	0.960890	608	0.177632	0.359000	0.416283	
668	0.308383	89	0.000000	243	0.962963	0.676723	668	0.308383	0.440000	0.416317	
604	0.302980	119	0.000000	277	0.953069	0.676723	604	0.302980	0.447000	0.416361	
641	0.287051	107	0.000000	252	0.916667	0.676723	641	0.287051	0.415000	0.416359	
653	0.290965	91	0.000000	256	0.933594	0.676723	653	0.290965	0.429000	0.416377	
637	0.306122	110	0.000000	253	0.940711	0.676723	637	0.306122	0.433000	0.416401	
633	0.309637	86	0.000000	281	0.921708	0.676723	633	0.309637	0.455000	0.416456	
631	0.285261	104	0.000000	265	0.909434	0.676723	631	0.285261	0.421000	0.416463	
657	0.254186	112	0.000000	231	0.956710	0.676723	657	0.254186	0.388000	0.416422	
639	0.297340	107	0.000000	254	0.933071	0.676723	639	0.297340	0.427000	0.416437	
650	0.300000	127	0.000000	223	0.973094	0.676723	650	0.300000	0.412000	0.416431	
649	0.323575	126	0.000000	225	0.928889	0.676723	649	0.323575	0.419000	0.416435	
639	0.295775	100	0.000000	261	0.934866	0.676723	639	0.295775	0.433000	0.416458	
653	0.283308	111	0.000000	236	0.932203	0.676723	653	0.283308	0.405000	0.416442	
635	0.313386	114	0.000000	251	0.980080	0.676723	635	0.313386	0.445000	0.416482	
751	0.340879	81	0.012346	168	0.958333	0.676723	751	0.340879	0.418000	0.416485	
723	0.349931	87	0.000000	190	0.910526	0.676723	723	0.349931	0.426000	0.416498	
647	0.319938	124	0.008065	229	0.951965	0.676723	647	0.319938	0.426000	0.416511	
651	0.278034	93	0.000000	256	0.960938	0.676723	651	0.278034	0.427000	0.416526	
627	0.314195	111	0.018018	262	0.950382	0.676723	627	0.314195	0.448000	0.416570	
761	0.321945	79	0.012658	160	0.956250	0.676723	761	0.321945	0.399000	0.416546	
757	0.313078	83	0.000000	160	0.975000	0.676723	757	0.313078	0.393000	0.416513	
767	0.312907	76	0.000000	157	0.955414	0.676723	767	0.312907	0.390000	0.416476	
747	0.306560	90	0.000000	163	0.975460	0.676723	747	0.306560	0.388000	0.416436	
739	0.336942	93	0.021505	168	0.970238	0.676723	739	0.336942	0.414000	0.416432	
750	0.357333	99	0.020202	151	0.960265	0.676723	750	0.357333	0.415000	0.416430	
705	0.313475	100	0.040000	195	0.979487	0.676723	705	0.313475	0.416000	0.416430	
633	0.331754	103	0.009709	264	0.996212	0.676723	633	0.331754	0.474000	0.416510	
650	0.276923	111	0.000000	239	0.979079	0.676723	650	0.276923	0.414000	0.416506	
629	0.303657	121	0.000000	250	0.968000	0.676723	629	0.303657	0.433000	0.416529	
628	0.324841	112	0.000000	260	0.934615	0.676723	628	0.324841	0.447000	0.416571	
645	0.299225	111	0.000000	244	0.954918	0.676723	645	0.299225	0.426000	0.416584	
621	0.296296	99	0.000000	280	0.953571	0.676723	621	0.296296	0.451000	0.416632	
714	0.324930	101	0.019802	185	0.983784	0.676723	714	0.324930	0.416000	0.416631	
749	0.269693	77	0.012987	174	0.965517	0.676723	749	0.269693	0.371000	0.416568	
746	0.356568	76	0.000000	178	0.960674	0.676723	746	0.356568	0.437000	0.416596	
711	0.327707	98	0.020408	191	0.979058	0.676723	711	0.327707	0.422000	0.416604	
653	0.324655	101	0.009901	246	0.967480	0.676723	653	0.324655	0.451000	0.416651	
655	0.343511	91	0.000000	254	0.897638	0.676723	655	0.343511	0.453000	0.416701	
665	0.303759	115	0.008696	220	0.950000	0.676723	665	0.303759	0.412000	0.416694	
748	0.367647	90	0.000000	162	0.956790	0.676723	748	0.367647	0.430000	0.416713	
721	0.359223	104	0.000000	175	0.857143	0.676723	721	0.359223	0.409000	0.416702	
657	0.357686	114	0.008772	229	0.917031	0.676723	657	0.357686	0.446000	0.416742	
621	0.339775	111	0.000000	268	0.910448	0.676723	621	0.339775	0.455000	0.416794	
642	0.314642	114	0.000000	244	0.967213	0.676723	642	0.314642	0.438000	0.416823	
609	0.293924	133	0.000000	258	0.934109	0.676723	609	0.293924	0.420000	0.416827	
652	0.283742	86	0.000000	262	0.950382	0.676723	652	0.283742	0.434000	0.416850	
654	0.293578	104	0.000000	242	0.929752	0.676723	654	0.293578	0.417000	0.416851	
615	0.289431	110	0.000000	275	0.934545	0.676723	615	0.289431	0.435000	0.416875	
645	0.302326	102	0.000000	253	0.976285	0.676723	645	0.302326	0.442000	0.416909	
608	0.274671	110	0.000000	282	0.911348	0.676723	608	0.274671	0.424000	0.416919	
631	0.286846	118	0.000000	251	0.916335	0.676723	631	0.286846	0.411000	0.416911	
633	0.333333	105	0.000000	262	0.935115	0.676723	633	0.333333	0.456000	0.416963	
662	0.293051	88	0.000000	250	0.944000	0.676723	662	0.293051	0.430000	0.416981	
673	0.329866	92	0.000000	235	0.957447	0.676723	673	0.329866	0.447000	0.417021	
659	0.308042	105	0.019048	236	0.940678	0.676723	659	0.308042	0.427000	0.417034	
654	0.301223	109	0.000000	237	0.957806	0.676723	654	0.301223	0.424000	0.417044	
639	0.302034	113	0.000000	248	0.931452	0.676723	639	0.302034	0.424000	0.417053	
653	0.286371	114	0.026316	233	0.952790	0.676723	653	0.286371	0.412000	0.417046	
712	0.341292	104	0.009615	184	0.983696	0.676723	712	0.341292	0.425000	0.417057	
693	0.336219	118	0.033898	189	0.978836	0.676723	693	0.336219	0.422000	0.417063	
687	0.318777	121	0.016529	192	0.963542	0.676723	687	0.318777	0.406000	0.417049	
631	0.309033	128	0.000000	241	0.975104	0.676723	631	0.309033	0.430000	0.417066	
653	0.324655	92	0.000000	255	0.913725	0.676723	653	0.324655	0.445000	0.417103	
659	0.273141	98	0.000000	243	0.958848	0.676723	659	0.273141	0.413000	0.417097	
662	0.323263	110	0.000000	228	0.907895	0.676723	662	0.323263	0.421000	0.417102	
669	0.292975	109	0.018349	222	0.981982	0.676723	669	0.292975	0.416000	0.417101	
620	0.309677	124	0.000000	256	0.945312	0.676723	620	0.309677	0.434000	0.417123	
629	0.314785	123	0.000000	248	0.935484	0.676723	629	0.314785	0.430000	0.417140	
591	0.326565	118	0.000000	291	0.917526	0.676723	591	0.326565	0.460000	0.417197	
639	0.317684	106	0.000000	255	0.929412	0.676723	639	0.317684	0.440000	0.417226	
626	0.292332	112	0.000000	262	0.919847	0.676723	626	0.292332	0.424000	0.417235	
670	0.276119	109	0.018349	221	0.986425	0.676723	670	0.276119	0.405000	0.417219	
694	0.322767	83	0.000000	223	0.991031	0.676723	694	0.322767	0.445000	0.417256	
661	0.335855	106	0.000000	233	0.957082	0.676723	661	0.335855	0.445000	0.417292	
641	0.297972	109	0.000000	250	0.984000	0.676723	641	0.297972	0.437000	0.417318	
606	0.341584	122	0.000000	272	0.933824	0.676723	606	0.341584	0.461000	0.417374	
614	0.298046	121	0.000000	265	0.879245	0.676723	614	0.298046	0.416000	0.417373	
621	0.267311	111	0.000000	268	0.958955	0.676723	621	0.267311	0.423000	0.417380	
621	0.299517	123	0.000000	256	0.976562	0.676723	621	0.299517	0.436000	0.417404	
707	0.332390	99	0.010101	194	0.938144	0.676723	707	0.332390	0.418000	0.417405	
718	0.314763	115	0.017391	167	0.892216	0.676723	718	0.314763	0.377000	0.417353	
741	0.345479	92	0.000000	167	0.934132	0.676723	741	0.345479	0.412000	0.417346	
758	0.361478	89	0.011236	153	0.928105	0.676723	758	0.361478	0.417000	0.417345	
630	0.325397	108	0.000000	262	0.935115	0.676723	630	0.325397	0.450000	0.417387	
662	0.335347	99	0.000000	239	0.970711	0.676723	662	0.335347	0.454000	0.417434	
618	0.299353	123	0.008130	259	0.953668	0.676723	618	0.299353	0.433000	0.417454	
708	0.310734	95	0.021053	197	0.923858	0.676723	708	0.310734	0.404000	0.417437	
796	0.320352	56	0.000000	148	0.959459	0.676723	796	0.320352	0.397000	0.417411	
749	0.293725	91	0.021978	160	0.962500	0.676723	749	0.293725	0.376000	0.417358	
739	0.330176	91	0.021978	170	0.970588	0.676723	739	0.330176	0.411000	0.417350	
752	0.308511	88	0.000000	160	0.981250	0.676723	752	0.308511	0.389000	0.417314	
775	0.320000	96	0.020833	129	0.968992	0.676723	775	0.320000	0.375000	0.417260	
725	0.282759	122	0.016393	153	0.960784	0.676723	725	0.282759	0.354000	0.417179	
688	0.348837	126	0.015873	186	0.956989	0.676723	688	0.348837	0.420000	0.417183	
698	0.338109	136	0.029412	166	0.897590	0.676723	698	0.338109	0.389000	0.417147	
714	0.340336	110	0.036364	176	0.880682	0.676723	714	0.340336	0.402000	0.417128	
726	0.373278	118	0.025424	156	0.974359	0.676723	726	0.373278	0.426000	0.417139	
702	0.327635	141	0.021277	157	0.936306	0.676723	702	0.327635	0.380000	0.417092	
705	0.344681	142	0.014085	153	0.941176	0.676723	705	0.344681	0.389000	0.417056	
674	0.289318	141	0.007092	185	0.967568	0.676723	674	0.289318	0.375000	0.417003	
533	0.288931	183	0.010929	284	0.887324	0.676723	533	0.288931	0.408000	0.416992	
621	0.302738	171	0.011696	208	0.932692	0.676723	621	0.302738	0.384000	0.416950	
586	0.291809	137	0.000000	277	0.916968	0.676723	586	0.291809	0.425000	0.416960	
636	0.319182	144	0.027778	220	0.940909	0.676723	636	0.319182	0.414000	0.416957	
609	0.298851	147	0.027211	244	0.926230	0.676723	609	0.298851	0.412000	0.416951	
636	0.361635	140	0.035714	224	0.955357	0.676723	636	0.361635	0.449000	0.416991	
644	0.406832	136	0.000000	220	0.954545	0.676723	644	0.406832	0.472000	0.417060	
701	0.138374	122	0.016393	177	0.977401	1.071038	701	0.138374	0.272000	0.416878	
737	0.249661	84	0.023810	179	0.972067	0.908148	737	0.249661	0.360000	0.416807	
696	0.206897	146	0.013699	158	0.968354	0.908148	696	0.206897	0.299000	0.416660	
735	0.191837	65	0.030769	200	0.950000	0.908148	735	0.191837	0.333000	0.416556	
753	0.203187	100	0.020000	147	0.931973	0.856056	753	0.203187	0.292000	0.416401	
713	0.242637	135	0.000000	152	0.940789	0.856056	713	0.242637	0.316000	0.416277	
722	0.286704	115	0.008696	163	0.957055	0.856056	722	0.286704	0.364000	0.416212	
742	0.266846	78	0.025641	180	0.950000	0.856056	742	0.266846	0.371000	0.416156	
721	0.281553	86	0.000000	193	0.968912	0.856056	721	0.281553	0.390000	0.416123	
727	0.239340	91	0.076923	182	0.934066	0.856056	727	0.239340	0.351000	0.416043	
731	0.254446	118	0.008475	151	0.980132	0.856056	731	0.254446	0.335000	0.415943	
680	0.252941	159	0.025157	161	0.987578	0.856056	680	0.252941	0.335000	0.415843	
682	0.236070	122	0.008197	196	0.994898	0.856056	682	0.236070	0.357000	0.415770	
755	0.262252	100	0.020000	145	0.965517	0.856056	755	0.262252	0.340000	0.415677	
692	0.260116	115	0.017391	193	0.989637	0.856056	692	0.260116	0.373000	0.415625	
727	0.255846	107	0.009346	166	0.981928	0.856056	727	0.255846	0.350000	0.415544	
636	0.232704	97	0.010309	267	0.981273	0.856056	636	0.232704	0.411000	0.415539	
685	0.166423	107	0.009346	208	0.966346	0.856056	685	0.166423	0.316000	0.415417	
707	0.446959	83	0.012048	210	0.971429	0.505596	707	0.446959	0.521000	0.415546	
633	0.210111	98	0.010204	269	0.996283	0.887497	633	0.210111	0.402000	0.415529	
706	0.208215	78	0.012821	216	0.995370	0.887497	706	0.208215	0.363000	0.415465	
646	0.210526	100	0.010000	254	0.996063	0.887497	646	0.210526	0.390000	0.415434	
744	0.194892	111	0.036036	145	0.979310	0.887497	744	0.194892	0.291000	0.415283	
680	0.279412	113	0.008850	207	0.995169	0.757798	680	0.279412	0.397000	0.415261	
591	0.257191	98	0.000000	311	0.980707	0.757798	591	0.257191	0.457000	0.415311	
630	0.279365	114	0.008772	256	0.980469	0.757798	630	0.279365	0.428000	0.415327	
670	0.300000	87	0.034483	243	0.958848	0.757798	670	0.300000	0.437000	0.415353	
609	0.300493	106	0.000000	285	0.950877	0.757798	609	0.300493	0.454000	0.415400	
650	0.290769	77	0.025974	273	0.897436	0.757798	650	0.290769	0.436000	0.415425	
684	0.245614	85	0.023529	231	0.926407	0.757798	684	0.245614	0.384000	0.415387	
645	0.257364	95	0.010526	260	0.965385	0.757798	645	0.257364	0.418000	0.415390	
685	0.237956	93	0.000000	222	0.905405	0.757798	685	0.237956	0.364000	0.415328	
684	0.270468	95	0.000000	221	0.873303	0.757798	684	0.270468	0.378000	0.415283	
692	0.258671	77	0.000000	231	0.865801	0.757798	692	0.258671	0.379000	0.415240	
661	0.269289	95	0.010526	244	0.938525	0.757798	661	0.269289	0.408000	0.415231	
614	0.291531	100	0.000000	286	0.933566	0.757798	614	0.291531	0.446000	0.415268	
663	0.230769	102	0.029412	235	0.961702	0.757798	663	0.230769	0.382000	0.415228	
674	0.255193	81	0.000000	245	0.877551	0.757798	674	0.255193	0.387000	0.415194	
715	0.264336	78	0.000000	207	0.922705	0.757798	715	0.264336	0.380000	0.415152	
705	0.270922	84	0.023810	211	0.966825	0.757798	705	0.270922	0.397000	0.415131	
705	0.258156	83	0.012048	212	0.924528	0.757798	705	0.258156	0.379000	0.415088	
644	0.253106	90	0.000000	266	0.951128	0.757798	644	0.253106	0.416000	0.415089	
627	0.251994	100	0.000000	273	0.978022	0.757798	627	0.251994	0.425000	0.415100	
640	0.260937	90	0.011111	270	0.966667	0.757798	640	0.260937	0.429000	0.415117	
690	0.269565	87	0.011494	223	0.982063	0.757798	690	0.269565	0.406000	0.415106	
701	0.252496	80	0.012500	219	0.949772	0.757798	701	0.252496	0.386000	0.415072	
671	0.241431	86	0.023256	243	0.930041	0.757798	671	0.241431	0.390000	0.415042	
686	0.262391	117	0.008547	197	0.918782	0.757798	686	0.262391	0.362000	0.414979	
715	0.295105	136	0.007353	149	0.993289	0.757798	715	0.295105	0.360000	0.414915	
687	0.260553	102	0.009804	211	1.000000	0.757798	687	0.260553	0.391000	0.414886	
652	0.300613	113	0.017699	235	0.991489	0.757798	652	0.300613	0.431000	0.414905	
644	0.246894	114	0.017544	242	0.971074	0.757798	644	0.246894	0.396000	0.414883	
643	0.279938	96	0.020833	261	0.984674	0.757798	643	0.279938	0.439000	0.414911	
588	0.273810	121	0.000000	291	0.790378	0.757798	588	0.273810	0.391000	0.414883	
662	0.265861	106	0.018868	232	0.965517	0.757798	662	0.265861	0.402000	0.414868	
670	0.264179	108	0.009259	222	0.896396	0.757798	670	0.264179	0.377000	0.414824	
642	0.246106	98	0.020408	260	0.888462	0.757798	642	0.246106	0.391000	0.414796	
695	0.280576	85	0.000000	220	0.936364	0.757798	695	0.280576	0.401000	0.414780	
692	0.264451	89	0.000000	219	0.931507	0.757798	692	0.264451	0.387000	0.414748	
685	0.265693	97	0.020619	218	0.949541	0.757798	685	0.265693	0.391000	0.414720	
676	0.264793	92	0.010870	232	0.982759	0.757798	676	0.264793	0.408000	0.414712	
689	0.264151	105	0.028571	206	0.902913	0.757798	689	0.264151	0.371000	0.414662	
662	0.255287	78	0.012821	260	0.934615	0.757798	662	0.255287	0.413000	0.414660	
625	0.321600	78	0.038462	297	0.919192	0.757798	625	0.321600	0.477000	0.414732	
696	0.257184	84	0.000000	220	0.940909	0.757798	696	0.257184	0.386000	0.414699	
689	0.256894	84	0.000000	227	0.938326	0.757798	689	0.256894	0.390000	0.414670	
645	0.251163	94	0.010638	261	0.904215	0.757798	645	0.251163	0.399000	0.414652	
619	0.255250	107	0.000000	274	0.948905	0.757798	619	0.255250	0.418000	0.414656	
600	0.261667	99	0.000000	301	0.860465	0.757798	600	0.261667	0.416000	0.414657	
635	0.286614	99	0.000000	266	0.928571	0.757798	635	0.286614	0.429000	0.414674	
632	0.251582	93	0.000000	275	0.912727	0.757798	632	0.251582	0.410000	0.414668	
638	0.285266	105	0.019048	257	0.914397	0.757798	638	0.285266	0.419000	0.414673	
652	0.276074	92	0.010870	256	0.917969	0.757798	652	0.276074	0.416000	0.414675	
685	0.271533	97	0.010309	218	0.958716	0.757798	685	0.271533	0.396000	0.414654	
715	0.262937	92	0.010870	193	0.963731	0.757798	715	0.262937	0.375000	0.414608	
705	0.283688	95	0.000000	200	0.975000	0.757798	705	0.283688	0.395000	0.414586	
728	0.281593	86	0.000000	186	0.983871	0.757798	728	0.281593	0.388000	0.414555	
686	0.250729	91	0.021978	223	0.982063	0.757798	686	0.250729	0.393000	0.414531	
689	0.271408	94	0.031915	217	0.953917	0.757798	689	0.271408	0.397000	0.414511	
638	0.225705	103	0.029126	259	0.942085	0.757798	638	0.225705	0.391000	0.414484	
677	0.255539	104	0.028846	219	0.926941	0.757798	677	0.255539	0.379000	0.414444	
653	0.196018	80	0.000000	267	0.921348	0.757798	653	0.196018	0.374000	0.414398	
702	0.334758	87	0.034483	211	0.976303	0.632153	702	0.334758	0.444000	0.414432	
708	0.336158	79	0.025316	213	0.967136	0.632153	708	0.336158	0.446000	0.414467	
709	0.325811	84	0.000000	207	0.951691	0.632153	709	0.325811	0.428000	0.414483	
697	0.380201	80	0.000000	223	0.887892	0.632153	697	0.380201	0.463000	0.414537	
679	0.351988	98	0.040816	223	0.955157	0.632153	679	0.351988	0.456000	0.414584	
706	0.344193	73	0.000000	221	0.977376	0.632153	706	0.344193	0.459000	0.414634	
697	0.329986	94	0.021277	209	0.947368	0.632153	697	0.329986	0.430000	0.414652	
704	0.338068	73	0.000000	223	0.959641	0.632153	704	0.338068	0.452000	0.414694	
716	0.314246	81	0.012346	203	0.960591	0.632153	716	0.314246	0.421000	0.414701	
679	0.332842	92	0.032609	229	0.903930	0.632153	679	0.332842	0.436000	0.414725	
693	0.336219	101	0.000000	206	0.961165	0.632153	693	0.336219	0.431000	0.414743	
726	0.348485	82	0.000000	192	0.979167	0.632153	726	0.348485	0.441000	0.414772	
706	0.334278	75	0.026667	219	0.963470	0.632153	706	0.334278	0.449000	0.414810	
635	0.354331	109	0.009174	256	0.945312	0.632153	635	0.354331	0.468000	0.414870	
635	0.371654	98	0.000000	267	0.917603	0.632153	635	0.371654	0.481000	0.414944	
662	0.344411	81	0.012346	257	0.926070	0.632153	662	0.344411	0.467000	0.415002	
692	0.323699	88	0.000000	220	0.959091	0.632153	692	0.323699	0.435000	0.415024	
691	0.335745	88	0.011364	221	0.968326	0.632153	691	0.335745	0.447000	0.415060	
648	0.344136	108	0.009259	244	0.963115	0.632153	648	0.344136	0.459000	0.415108	
693	0.327561	76	0.039474	231	0.974026	0.632153	693	0.327561	0.455000	0.415153	
659	0.359636	101	0.000000	240	0.945833	0.632153	659	0.359636	0.464000	0.415207	
656	0.339939	107	0.018692	237	0.953586	0.632153	656	0.339939	0.451000	0.415246	
643	0.351477	99	0.000000	258	0.930233	0.632153	643	0.351477	0.466000	0.415303	
632	0.335443	105	0.000000	263	0.923954	0.632153	632	0.335443	0.455000	0.415347	
623	0.356340	119	0.000000	258	0.918605	0.632153	623	0.356340	0.459000	0.415395	
633	0.325434	100	0.000000	267	0.951311	0.632153	633	0.325434	0.460000	0.415444	
658	0.317629	107	0.000000	235	0.970213	0.632153	658	0.317629	0.437000	0.415468	
615	0.367480	116	0.000000	269	0.921933	0.632153	615	0.367480	0.474000	0.415532	
614	0.343648	121	0.000000	265	0.905660	0.632153	614	0.343648	0.451000	0.415571	
625	0.352000	110	0.000000	265	0.973585	0.632153	625	0.352000	0.478000	0.415639	
607	0.314662	113	0.000000	280	0.953571	0.632153	607	0.314662	0.458000	0.415686	
626	0.303514	111	0.018018	263	0.973384	0.632153	626	0.303514	0.448000	0.415721	
588	0.290816	82	0.000000	330	0.966667	0.632153	588	0.290816	0.490000	0.415803	
640	0.317188	73	0.000000	287	0.961672	0.632153	640	0.317188	0.479000	0.415872	
607	0.332784	78	0.000000	315	0.901587	0.632153	607	0.332784	0.486000	0.415948	
643	0.345257	94	0.021277	263	0.908745	0.632153	643	0.345257	0.463000	0.416000	
657	0.305936	73	0.000000	270	0.940741	0.632153	657	0.305936	0.455000	0.416042	
666	0.352853	64	0.000000	270	0.937037	0.632153	666	0.352853	0.488000	0.416120	
661	0.305598	68	0.000000	271	0.929889	0.632153	661	0.305598	0.454000	0.416162	
680	0.391176	61	0.000000	259	0.926641	0.632153	680	0.391176	0.506000	0.416259	
680	0.333824	62	0.032258	258	0.953488	0.632153	680	0.333824	0.475000	0.416323	
686	0.361516	76	0.000000	238	0.878151	0.632153	686	0.361516	0.457000	0.416367	
687	0.323144	56	0.000000	257	0.922179	0.632153	687	0.323144	0.459000	0.416413	
641	0.358814	69	0.000000	290	0.934483	0.632153	641	0.358814	0.501000	0.416504	
652	0.345092	86	0.000000	262	0.916031	0.632153	652	0.345092	0.465000	0.416557	
656	0.356707	85	0.000000	259	0.965251	0.632153	656	0.356707	0.484000	0.416630	
640	0.314063	67	0.000000	293	0.938567	0.632153	640	0.314063	0.476000	0.416694	
650	0.373846	68	0.029412	282	0.936170	0.632153	650	0.373846	0.509000	0.416793	
640	0.365625	60	0.000000	300	0.870000	0.632153	640	0.365625	0.495000	0.416877	
624	0.354167	62	0.000000	314	0.875796	0.632153	624	0.354167	0.496000	0.416962	
662	0.347432	64	0.000000	274	0.843066	0.632153	662	0.347432	0.461000	0.417009	
670	0.316418	48	0.000000	282	0.879433	0.632153	670	0.316418	0.460000	0.417055	
636	0.334906	52	0.000000	312	0.932692	0.632153	636	0.334906	0.504000	0.417148	
651	0.347158	43	0.000000	306	0.892157	0.632153	651	0.347158	0.499000	0.417236	
634	0.369085	59	0.000000	307	0.947883	0.632153	634	0.369085	0.525000	0.417351	
635	0.370079	56	0.000000	309	0.977346	0.632153	635	0.370079	0.537000	0.417479	
628	0.363057	63	0.000000	309	0.948220	0.632153	628	0.363057	0.521000	0.417589	
647	0.321484	67	0.000000	286	0.944056	0.632153	647	0.321484	0.478000	0.417653	
670	0.379104	55	0.000000	275	0.949091	0.632153	670	0.379104	0.515000	0.417757	
640	0.371875	75	0.000000	285	0.964912	0.632153	640	0.371875	0.513000	0.417858	
630	0.366667	66	0.000000	304	0.921053	0.632153	630	0.366667	0.511000	0.417957	
646	0.325077	70	0.057143	284	0.933099	0.632153	646	0.325077	0.479000	0.418022	
651	0.339478	73	0.013699	276	0.916667	0.632153	651	0.339478	0.475000	0.418082	
652	0.306748	81	0.012346	267	0.981273	0.632153	652	0.306748	0.463000	0.418130	
675	0.361481	84	0.000000	241	0.987552	0.632153	675	0.361481	0.482000	0.418197	
654	0.330275	82	0.000000	264	0.984848	0.632153	654	0.330275	0.476000	0.418258	
646	0.312693	87	0.000000	267	0.981273	0.632153	646	0.312693	0.464000	0.418307	
663	0.369532	69	0.000000	268	0.973881	0.632153	663	0.369532	0.506000	0.418399	
641	0.329173	77	0.000000	282	0.950355	0.632153	641	0.329173	0.479000	0.418463	
649	0.329738	75	0.000000	276	0.833333	0.632153	649	0.329738	0.444000	0.418490	
632	0.322785	67	0.000000	301	0.920266	0.632153	632	0.322785	0.481000	0.418555	
676	0.331361	63	0.000000	261	0.927203	0.632153	676	0.331361	0.466000	0.418605	
658	0.355623	68	0.000000	274	0.941606	0.632153	658	0.355623	0.492000	0.418682	
648	0.353395	77	0.000000	275	0.952727	0.632153	648	0.353395	0.491000	0.418758	
650	0.372308	80	0.000000	270	0.929630	0.632153	650	0.372308	0.493000	0.418835	
684	0.314327	62	0.000000	254	0.956693	0.632153	684	0.314327	0.458000	0.418876	
652	0.323620	72	0.000000	276	0.942029	0.632153	652	0.323620	0.471000	0.418931	
644	0.338509	84	0.000000	272	0.933824	0.632153	644	0.338509	0.472000	0.418986	
645	0.328682	60	0.000000	295	0.955932	0.632153	645	0.328682	0.494000	0.419064	
652	0.368098	73	0.000000	275	0.949091	0.632153	652	0.368098	0.501000	0.419149	
653	0.358346	88	0.000000	259	0.945946	0.632153	653	0.358346	0.479000	0.419212	
662	0.359517	80	0.000000	258	0.972868	0.632153	662	0.359517	0.489000	0.419284	
677	0.329394	76	0.000000	247	0.927126	0.632153	677	0.329394	0.452000	0.419318	
661	0.326778	70	0.000000	269	0.944238	0.632153	661	0.326778	0.470000	0.419371	
687	0.333333	61	0.000000	252	0.920635	0.632153	687	0.333333	0.461000	0.419414	
646	0.328173	66	0.000000	288	0.937500	0.632153	646	0.328173	0.482000	0.419478	
648	0.322531	71	0.000000	281	0.932384	0.632153	648	0.322531	0.471000	0.419532	
642	0.342679	66	0.000000	292	0.914384	0.632153	642	0.342679	0.487000	0.419601	
645	0.336434	64	0.000000	291	0.958763	0.632153	645	0.336434	0.496000	0.419680	
659	0.335357	78	0.000000	263	0.912548	0.632153	659	0.335357	0.461000	0.419723	
662	0.320242	67	0.000000	271	0.948339	0.632153	662	0.320242	0.469000	0.419773	
660	0.319697	75	0.000000	265	0.939623	0.632153	660	0.319697	0.460000	0.419815	
671	0.342772	73	0.000000	256	0.929688	0.632153	671	0.342772	0.468000	0.419864	
662	0.351964	64	0.000000	274	0.963504	0.632153	662	0.351964	0.497000	0.419943	
635	0.349606	76	0.013158	289	0.961938	0.632153	635	0.349606	0.501000	0.420026	
651	0.291859	71	0.014085	278	0.874101	0.632153	651	0.291859	0.434000	0.420041	
622	0.366559	78	0.000000	300	0.920000	0.632153	622	0.366559	0.504000	0.420126	
642	0.289720	76	0.052632	282	0.943262	0.632153	642	0.289720	0.456000	0.420163	
624	0.328526	89	0.000000	287	0.940767	0.632153	624	0.328526	0.475000	0.420219	
658	0.306991	70	0.028571	272	0.904412	0.632153	658	0.306991	0.450000	0.420249	
643	0.295490	59	0.000000	298	0.936242	0.632153	643	0.295490	0.469000	0.420299	
638	0.343260	75	0.000000	287	0.944251	0.632153	638	0.343260	0.490000	0.420370	
632	0.287975	83	0.048193	285	0.943860	0.632153	632	0.287975	0.455000	0.420405	
640	0.306250	85	0.000000	275	0.916364	0.632153	640	0.306250	0.448000	0.420433	
664	0.310241	76	0.000000	260	0.946154	0.632153	664	0.310241	0.452000	0.420465	
660	0.351515	77	0.000000	263	0.942966	0.632153	660	0.351515	0.480000	0.420525	
673	0.316493	84	0.000000	243	0.987654	0.632153	673	0.316493	0.453000	0.420558	
648	0.333333	80	0.000000	272	0.970588	0.632153	648	0.333333	0.480000	0.420618	
635	0.337008	90	0.000000	275	0.978182	0.632153	635	0.337008	0.483000	0.420681	
667	0.338831	75	0.000000	258	0.949612	0.632153	667	0.338831	0.471000	0.420732	
646	0.325077	73	0.000000	281	0.971530	0.632153	646	0.325077	0.483000	0.420795	
643	0.315708	72	0.000000	285	0.982456	0.632153	643	0.315708	0.483000	0.420858	
636	0.338050	89	0.000000	275	0.970909	0.632153	636	0.338050	0.482000	0.420919	
659	0.326252	78	0.025641	263	0.961977	0.632153	659	0.326252	0.470000	0.420968	
648	0.330247	68	0.000000	284	0.933099	0.632153	648	0.330247	0.479000	0.421027	
673	0.334324	76	0.000000	251	0.956175	0.632153	673	0.334324	0.465000	0.421071	
655	0.384733	62	0.000000	283	0.918728	0.632153	655	0.384733	0.512000	0.421162	
639	0.309859	87	0.000000	274	0.890511	0.632153	639	0.309859	0.442000	0.421183	
644	0.366460	78	0.000000	278	0.935252	0.632153	644	0.366460	0.496000	0.421258	
