Rate	71.43
Rev Jump	14.29
Prior Change	14.29
Rate Tried	% Accepted	Rev Jump Tried	% Accepted	Prior Change Tried	% Accepted	Rates - Dev	Rates - Tried	Rates - Accepted	Sample Ave Acceptance	Total Ave Acceptance	
2	0.500000	3	0.000000	995	0.075377	0.606837	11	0.545455	0.076000	0.210254	
3	0.333333	3	0.000000	994	0.066398	0.966356	3	0.333333	0.067000	0.198317	
4	0.000000	1	0.000000	995	0.066332	0.966356	7	0.142857	0.066000	0.188139	
7	0.000000	0.0	0	993	0.079557	0.966356	14	0.071429	0.079000	0.180344	
7	0.285714	0.0	0	993	0.079557	0.917718	7	0.285714	0.081000	0.173722	
4	0.250000	0.0	0	996	0.059237	0.917718	11	0.272727	0.060000	0.166615	
7	0.285714	0.0	0	993	0.056395	0.917718	7	0.285714	0.058000	0.160226	
6	0.500000	1	0.000000	993	0.060423	0.917718	13	0.384615	0.063000	0.154825	
1	0.000000	0.0	0	999	0.052052	0.917718	1	0.000000	0.052000	0.149413	
0.0	0	0.0	0	1000	0.052000	0.917718	1	0.000000	0.052000	0.144543	
1	0.000000	1	0.000000	998	0.045090	0.917718	2	0.000000	0.045000	0.139803	
3	0.333333	1	0.000000	996	0.048193	0.917718	5	0.200000	0.049000	0.135676	
0.0	0	0.0	0	1000	0.050000	0.917718	5	0.200000	0.050000	0.131951	
1	0.000000	0.0	0	999	0.043043	0.917718	6	0.166667	0.043000	0.128245	
1	0.000000	0.0	0	999	0.038038	0.917718	7	0.142857	0.038000	0.124635	
1	0.000000	0.0	0	999	0.040040	0.917718	8	0.125000	0.040000	0.121380	
2	0.500000	0.0	0	998	0.054108	0.917718	10	0.200000	0.055000	0.118922	
4	0.500000	0.0	0	996	0.071285	0.917718	4	0.500000	0.073000	0.117282	
2	0.500000	0.0	0	998	0.046092	0.917718	6	0.500000	0.047000	0.114858	
3	0.333333	0.0	0	997	0.048144	0.917718	9	0.444444	0.049000	0.112663	
8	0.375000	1	0.000000	991	0.054490	0.917718	17	0.411765	0.057000	0.110867	
9	0.000000	1	0.000000	990	0.053535	1.719746	9	0.000000	0.053000	0.109059	
11	0.090909	1	0.000000	988	0.044534	1.719746	20	0.050000	0.045000	0.107118	
5	0.000000	0.0	0	995	0.038191	1.630542	5	0.000000	0.038000	0.105085	
3	0.000000	0.0	0	997	0.040120	1.630542	8	0.000000	0.040000	0.103226	
12	0.000000	0.0	0	988	0.030364	1.630542	20	0.000000	0.030000	0.101192	
3	0.333333	0.0	0	997	0.052156	0.852840	3	0.333333	0.053000	0.099889	
6	0.333333	0.0	0	994	0.057344	0.852840	9	0.333333	0.059000	0.098813	
2	0.500000	0.0	0	998	0.045090	0.852840	11	0.363636	0.046000	0.097459	
2	0.500000	0.0	0	998	0.034068	0.852840	2	0.500000	0.035000	0.095898	
1	0.000000	0.0	0	999	0.030030	0.852840	3	0.333333	0.030000	0.094290	
1	0.000000	0.0	0	999	0.052052	0.852840	4	0.250000	0.052000	0.093283	
0.0	0	0.0	0	1000	0.049000	0.852840	4	0.250000	0.049000	0.092254	
1	0.000000	1	0.000000	998	0.046092	0.852840	5	0.200000	0.046000	0.091202	
2	0.000000	1	0.000000	997	0.038114	0.852840	7	0.142857	0.038000	0.090020	
1	0.000000	1	0.000000	998	0.038076	0.852840	8	0.125000	0.038000	0.088889	
1	0.000000	0.0	0	999	0.035035	0.852840	9	0.111111	0.035000	0.087743	
2	0.500000	0.0	0	998	0.044088	0.852840	11	0.181818	0.045000	0.086852	
0.0	0	1	0.000000	999	0.053053	0.479668	0	0.000000	0.053000	0.086162	
2	0.500000	0.0	0	998	0.044088	0.479668	2	0.500000	0.045000	0.085338	
0.0	0	0.0	0	1000	0.038000	0.479668	2	0.500000	0.038000	0.084410	
2	1.000000	0.0	0	998	0.053106	0.479668	4	0.750000	0.055000	0.083845	
1	0.000000	0.0	0	999	0.044044	0.479668	5	0.600000	0.044000	0.083093	
0.0	0	0.0	0	1000	0.066000	0.479668	5	0.600000	0.066000	0.082776	
0.0	0	0.0	0	1000	0.044000	0.479668	5	0.600000	0.044000	0.082071	
1	1.000000	0.0	0	999	0.052052	0.479668	6	0.666667	0.053000	0.081552	
0.0	0	0.0	0	1000	0.064000	0.479668	6	0.666667	0.064000	0.081244	
0.0	0	0.0	0	1000	0.036000	0.479668	6	0.666667	0.036000	0.080464	
0.0	0	0.0	0	1000	0.049000	0.479668	6	0.666667	0.049000	0.079931	
0.0	0	0.0	0	1000	0.038000	0.479668	6	0.666667	0.038000	0.079232	
0.0	0	0.0	0	1000	0.042000	0.479668	6	0.666667	0.042000	0.078622	
0.0	0	0.0	0	1000	0.050000	0.479668	6	0.666667	0.050000	0.078160	
0.0	0	0.0	0	1000	0.050000	0.479668	6	0.666667	0.050000	0.077713	
2	0.500000	1	0.000000	997	0.040120	0.479668	8	0.625000	0.041000	0.077139	
1	0.000000	0.0	0	999	0.043043	0.479668	9	0.555556	0.043000	0.076614	
2	0.500000	0.0	0	998	0.043086	0.479668	11	0.545455	0.044000	0.076120	
0.0	0	0.0	0	1000	0.059000	0.622666	0	0.000000	0.059000	0.075865	
0.0	0	0.0	0	1000	0.050000	0.622666	0	0.000000	0.050000	0.075484	
3	0.333333	0.0	0	997	0.044132	0.622666	3	0.333333	0.045000	0.075042	
1	0.000000	0.0	0	999	0.061061	0.622666	4	0.250000	0.061000	0.074842	
5	0.400000	2	0.000000	993	0.025176	0.622666	9	0.333333	0.027000	0.074168	
2	1.000000	2	0.000000	996	0.024096	0.622666	11	0.454545	0.026000	0.073499	
1	0.000000	0.0	0	999	0.040040	0.722614	1	0.000000	0.040000	0.073040	
2	0.000000	0.0	0	998	0.046092	0.722614	3	0.000000	0.046000	0.072675	
8	0.250000	1	0.000000	991	0.032291	0.722614	11	0.181818	0.034000	0.072159	
8	0.375000	1	1.000000	991	0.053481	0.663166	8	0.375000	0.057000	0.071960	
2	0.000000	0.0	0	998	0.039078	0.663166	10	0.300000	0.039000	0.071532	
2	0.000000	0.0	0	998	0.044088	0.663166	2	0.000000	0.044000	0.071179	
0.0	0	0.0	0	1000	0.027000	0.663166	2	0.000000	0.027000	0.070619	
0.0	0	0.0	0	1000	0.035000	0.663166	2	0.000000	0.035000	0.070174	
0.0	0	0.0	0	1000	0.033000	0.663166	2	0.000000	0.033000	0.069715	
2	1.000000	0.0	0	998	0.028056	0.663166	4	0.500000	0.030000	0.069231	
4	0.000000	0.0	0	996	0.044177	0.663166	8	0.250000	0.044000	0.068927	
10	0.400000	0.0	0	990	0.041414	0.663166	18	0.333333	0.045000	0.068642	
9	0.333333	1	0.000000	990	0.045455	0.663166	9	0.333333	0.048000	0.068399	
9	0.111111	0.0	0	991	0.041372	0.663166	18	0.222222	0.042000	0.068092	
2	0.500000	0.0	0	998	0.028056	0.663166	2	0.500000	0.029000	0.067643	
6	0.500000	0.0	0	994	0.042254	0.663166	8	0.500000	0.045000	0.067386	
3	0.666667	0.0	0	997	0.035105	0.663166	11	0.545455	0.037000	0.067044	
6	0.166667	0.0	0	994	0.043260	1.103131	6	0.166667	0.044000	0.066788	
2	0.500000	0.0	0	998	0.033066	1.103131	8	0.250000	0.034000	0.066428	
2	0.000000	1	0.000000	997	0.035105	1.103131	10	0.200000	0.035000	0.066086	
4	0.000000	0.0	0	996	0.036145	1.103131	4	0.000000	0.036000	0.065763	
6	0.000000	1	0.000000	993	0.049345	1.103131	10	0.000000	0.049000	0.065584	
3	0.333333	3	0.000000	994	0.033199	0.724417	3	0.333333	0.034000	0.065252	
3	0.000000	1	0.000000	996	0.026104	0.724417	6	0.166667	0.026000	0.064843	
4	0.000000	0.0	0	996	0.031124	0.724417	10	0.100000	0.031000	0.064494	
2	0.000000	0.0	0	998	0.028056	0.678026	2	0.000000	0.028000	0.064122	
1	0.000000	0.0	0	999	0.036036	0.678026	3	0.000000	0.036000	0.063838	
2	0.500000	0.0	0	998	0.036072	0.678026	5	0.200000	0.037000	0.063569	
0.0	0	0.0	0	1000	0.031000	0.678026	5	0.200000	0.031000	0.063247	
0.0	0	0.0	0	1000	0.030000	0.678026	5	0.200000	0.030000	0.062921	
2	0.000000	0.0	0	998	0.049098	0.678026	7	0.142857	0.049000	0.062786	
0.0	0	0.0	0	1000	0.038000	0.678026	7	0.142857	0.038000	0.062547	
1	0.000000	0.0	0	999	0.036036	0.678026	8	0.125000	0.036000	0.062295	
2	1.000000	0.0	0	998	0.035070	0.678026	10	0.300000	0.037000	0.062056	
3	0.333333	0.0	0	997	0.037111	0.678026	3	0.333333	0.038000	0.061831	
4	0.000000	1	1.000000	995	0.031156	0.678026	7	0.142857	0.032000	0.061555	
4	0.750000	1	0.000000	995	0.044221	0.678026	11	0.363636	0.047000	0.061421	
7	0.142857	0.0	0	993	0.033233	0.678026	7	0.142857	0.034000	0.061172	
2	1.000000	1	0.000000	997	0.033099	0.678026	9	0.333333	0.035000	0.060936	
5	0.200000	0.0	0	995	0.030151	0.678026	14	0.285714	0.031000	0.060669	
6	0.166667	0.0	0	994	0.031187	0.678026	6	0.166667	0.032000	0.060415	
2	0.000000	0.0	0	998	0.033066	0.678026	8	0.125000	0.033000	0.060175	
2	0.000000	0.0	0	998	0.033066	0.678026	10	0.100000	0.033000	0.059939	
3	0.666667	0.0	0	997	0.018054	0.360279	3	0.666667	0.020000	0.059594	
3	0.333333	0.0	0	997	0.020060	0.360279	6	0.500000	0.021000	0.059264	
4	1.000000	0.0	0	996	0.021084	0.360279	10	0.700000	0.025000	0.058974	
5	0.400000	0.0	0	995	0.029146	0.663255	5	0.400000	0.031000	0.058739	
5	0.000000	0.0	0	995	0.038191	0.663255	10	0.200000	0.038000	0.058566	
1	1.000000	0.0	0	999	0.024024	0.663255	1	1.000000	0.025000	0.058289	
3	0.000000	0.0	0	997	0.029087	0.663255	4	0.250000	0.029000	0.058049	
3	0.000000	0.0	0	997	0.030090	0.663255	7	0.142857	0.030000	0.057821	
3	0.000000	0.0	0	997	0.039117	0.663255	10	0.100000	0.039000	0.057669	
2	0.000000	0.0	0	998	0.030060	0.645327	2	0.000000	0.030000	0.057448	
3	0.333333	0.0	0	997	0.032096	0.645327	5	0.200000	0.033000	0.057254	
2	0.500000	0.0	0	998	0.020040	0.645327	7	0.285714	0.021000	0.056968	
1	0.000000	1	0.000000	998	0.020040	0.645327	8	0.250000	0.020000	0.056679	
1	0.000000	0.0	0	999	0.028028	0.645327	9	0.222222	0.028000	0.056457	
1	0.000000	0.0	0	999	0.017017	0.645327	10	0.200000	0.017000	0.056153	
1	0.000000	0.0	0	999	0.021021	0.645327	1	0.000000	0.021000	0.055885	
0.0	0	0.0	0	1000	0.031000	0.645327	1	0.000000	0.031000	0.055697	
1	0.000000	0.0	0	999	0.030030	0.645327	2	0.000000	0.030000	0.055503	
3	0.000000	0.0	0	997	0.028084	0.645327	5	0.000000	0.028000	0.055298	
1	1.000000	0.0	0	999	0.029029	0.645327	6	0.166667	0.030000	0.055111	
5	0.400000	0.0	0	995	0.027136	0.645327	11	0.272727	0.029000	0.054919	
1	0.000000	0.0	0	999	0.025025	0.645327	1	0.000000	0.025000	0.054700	
3	0.000000	1	0.000000	996	0.035141	0.645327	4	0.000000	0.035000	0.054558	
6	0.500000	0.0	0	994	0.028169	0.645327	10	0.300000	0.031000	0.054388	
2	0.500000	0.0	0	998	0.023046	0.645327	2	0.500000	0.024000	0.054171	
2	0.500000	1	0.000000	997	0.031093	0.645327	4	0.500000	0.032000	0.054014	
3	0.333333	0.0	0	997	0.031093	0.645327	7	0.428571	0.032000	0.053859	
4	1.000000	0.0	0	996	0.036145	0.645327	11	0.636364	0.040000	0.053762	
1	1.000000	0.0	0	999	0.025025	1.092463	1	1.000000	0.026000	0.053569	
0.0	0	1	0.000000	999	0.028028	1.092463	1	1.000000	0.028000	0.053393	
1	0.000000	0.0	0	999	0.029029	1.092463	2	0.500000	0.029000	0.053226	
1	0.000000	0.0	0	999	0.026026	1.092463	3	0.333333	0.026000	0.053040	
0.0	0	0.0	0	1000	0.021000	1.092463	3	0.333333	0.021000	0.052824	
0.0	0	0.0	0	1000	0.014000	1.092463	3	0.333333	0.014000	0.052563	
1	0.000000	0.0	0	999	0.025025	1.092463	4	0.250000	0.025000	0.052380	
0.0	0	0.0	0	1000	0.015000	1.092463	4	0.250000	0.015000	0.052132	
0.0	0	0.0	0	1000	0.020000	1.092463	4	0.250000	0.020000	0.051921	
1	1.000000	0.0	0	999	0.025025	1.092463	5	0.400000	0.026000	0.051751	
3	0.000000	0.0	0	997	0.015045	1.092463	8	0.250000	0.015000	0.051513	
0.0	0	0.0	0	1000	0.023000	1.092463	8	0.250000	0.023000	0.051329	
2	1.000000	0.0	0	998	0.029058	1.092463	10	0.400000	0.031000	0.051198	
0.0	0	0.0	0	1000	0.026000	1.092463	0	0.000000	0.026000	0.051038	
2	0.000000	0.0	0	998	0.016032	1.092463	2	0.000000	0.016000	0.050816	
1	0.000000	0.0	0	999	0.025025	1.092463	3	0.000000	0.025000	0.050654	
2	0.500000	0.0	0	998	0.021042	1.092463	5	0.200000	0.022000	0.050475	
3	0.000000	0.0	0	997	0.027081	1.092463	8	0.125000	0.027000	0.050329	
5	0.200000	0.0	0	995	0.029146	1.092463	13	0.153846	0.030000	0.050203	
1	1.000000	0.0	0	999	0.026026	0.783801	1	1.000000	0.027000	0.050061	
3	0.666667	0.0	0	997	0.019057	0.783801	4	0.750000	0.021000	0.049884	
0.0	0	0.0	0	1000	0.016000	0.783801	4	0.750000	0.016000	0.049678	
0.0	0	0.0	0	1000	0.029000	0.783801	4	0.750000	0.029000	0.049554	
2	0.000000	0.0	0	998	0.029058	0.783801	6	0.500000	0.029000	0.049431	
0.0	0	0.0	0	1000	0.033000	0.783801	6	0.500000	0.033000	0.049333	
4	0.250000	0.0	0	996	0.018072	0.783801	10	0.400000	0.019000	0.049154	
3	0.000000	0.0	0	997	0.041123	0.783801	3	0.000000	0.041000	0.049106	
0.0	0	0.0	0	1000	0.019000	0.783801	3	0.000000	0.019000	0.048930	
2	0.000000	0.0	0	998	0.027054	0.783801	5	0.000000	0.027000	0.048802	
1	1.000000	0.0	0	999	0.035035	0.783801	6	0.166667	0.036000	0.048728	
2	0.500000	0.0	0	998	0.034068	0.783801	8	0.250000	0.035000	0.048649	
0.0	0	0.0	0	1000	0.021000	0.783801	8	0.250000	0.021000	0.048491	
4	0.250000	0.0	0	996	0.035141	0.783801	12	0.250000	0.036000	0.048420	
3	0.000000	1	0.000000	996	0.022088	0.783801	3	0.000000	0.022000	0.048271	
3	0.000000	0.0	0	997	0.039117	0.783801	6	0.000000	0.039000	0.048219	
3	0.000000	0.0	0	997	0.034102	0.783801	9	0.000000	0.034000	0.048139	
4	0.000000	0.0	0	996	0.034137	0.783801	13	0.000000	0.034000	0.048061	
1	0.000000	0.0	0	999	0.045045	0.526270	1	0.000000	0.045000	0.048044	
0.0	0	0.0	0	1000	0.044000	0.526270	1	0.000000	0.044000	0.048022	
2	0.000000	0.0	0	998	0.031062	0.526270	3	0.000000	0.031000	0.047929	
2	0.500000	0.0	0	998	0.033066	0.526270	5	0.200000	0.034000	0.047853	
2	0.000000	0.0	0	998	0.039078	0.526270	7	0.142857	0.039000	0.047805	
2	0.500000	0.0	0	998	0.032064	0.526270	9	0.222222	0.033000	0.047726	
1	0.000000	0.0	0	999	0.030030	0.526270	10	0.200000	0.030000	0.047631	
5	0.800000	0.0	0	995	0.027136	0.526270	5	0.800000	0.031000	0.047542	
4	0.750000	0.0	0	996	0.044177	0.526270	9	0.777778	0.047000	0.047539	
2	0.000000	0.0	0	998	0.035070	0.526270	11	0.636364	0.035000	0.047473	
1	0.000000	0.0	0	999	0.030030	0.652733	1	0.000000	0.030000	0.047382	
3	0.333333	0.0	0	997	0.033099	0.652733	4	0.250000	0.034000	0.047312	
3	0.333333	0.0	0	997	0.041123	0.652733	7	0.285714	0.042000	0.047285	
5	0.200000	0.0	0	995	0.033166	0.652733	12	0.250000	0.034000	0.047216	
4	0.500000	0.0	0	996	0.040161	0.652733	4	0.500000	0.042000	0.047190	
2	0.500000	0.0	0	998	0.040080	0.652733	6	0.500000	0.041000	0.047158	
5	0.400000	0.0	0	995	0.032161	0.652733	11	0.454545	0.034000	0.047091	
3	0.333333	0.0	0	997	0.037111	0.936395	3	0.333333	0.038000	0.047045	
4	0.500000	1	0.000000	995	0.032161	0.936395	7	0.428571	0.034000	0.046980	
2	0.500000	0.0	0	998	0.036072	0.936395	9	0.444444	0.037000	0.046930	
2	1.000000	0.0	0	998	0.045090	0.936395	11	0.545455	0.047000	0.046930	
2	0.000000	1	0.000000	997	0.038114	1.011217	2	0.000000	0.038000	0.046886	
0.0	0	0.0	0	1000	0.029000	1.011217	2	0.000000	0.029000	0.046798	
1	1.000000	0.0	0	999	0.033033	1.011217	3	0.333333	0.034000	0.046735	
2	0.000000	0.0	0	998	0.022044	1.011217	5	0.200000	0.022000	0.046614	
0.0	0	0.0	0	1000	0.031000	1.011217	5	0.200000	0.031000	0.046539	
0.0	0	0.0	0	1000	0.022000	1.011217	5	0.200000	0.022000	0.046420	
0.0	0	0.0	0	1000	0.041000	1.011217	5	0.200000	0.041000	0.046394	
1	0.000000	0.0	0	999	0.030030	1.011217	6	0.166667	0.030000	0.046316	
0.0	0	0.0	0	1000	0.042000	1.011217	6	0.166667	0.042000	0.046295	
0.0	0	0.0	0	1000	0.021000	1.011217	6	0.166667	0.021000	0.046175	
2	0.000000	0.0	0	998	0.029058	1.011217	8	0.125000	0.029000	0.046094	
0.0	0	0.0	0	1000	0.030000	1.011217	8	0.125000	0.030000	0.046019	
2	0.000000	0.0	0	998	0.028056	1.011217	10	0.100000	0.028000	0.045934	
0.0	0	0.0	0	1000	0.024000	0.771216	0	0.000000	0.024000	0.045832	
0.0	0	0.0	0	1000	0.042000	0.771216	0	0.000000	0.042000	0.045815	
1	0.000000	0.0	0	999	0.039039	0.771216	1	0.000000	0.039000	0.045783	
0.0	0	0.0	0	1000	0.026000	0.771216	1	0.000000	0.026000	0.045692	
0.0	0	0.0	0	1000	0.035000	0.771216	1	0.000000	0.035000	0.045644	
0.0	0	0.0	0	1000	0.027000	0.771216	1	0.000000	0.027000	0.045559	
1	0.000000	0.0	0	999	0.045045	0.771216	2	0.000000	0.045000	0.045556	
0.0	0	0.0	0	1000	0.023000	0.771216	2	0.000000	0.023000	0.045455	
1	1.000000	0.0	0	999	0.025025	0.771216	3	0.333333	0.026000	0.045368	
1	0.000000	0.0	0	999	0.019019	0.771216	4	0.250000	0.019000	0.045250	
3	1.000000	0.0	0	997	0.024072	0.771216	7	0.571429	0.027000	0.045169	
1	0.000000	1	0.000000	998	0.039078	0.771216	8	0.500000	0.039000	0.045141	
1	0.000000	0.0	0	999	0.026026	0.771216	9	0.444444	0.026000	0.045057	
1	0.000000	0.0	0	999	0.035035	0.771216	10	0.400000	0.035000	0.045013	
2	0.500000	0.0	0	998	0.033066	0.771216	2	0.500000	0.034000	0.044965	
0.0	0	1	0.000000	999	0.033033	0.771216	2	0.500000	0.033000	0.044913	
1	0.000000	0.0	0	999	0.036036	0.771216	3	0.333333	0.036000	0.044874	
0.0	0	0.0	0	1000	0.031000	0.771216	3	0.333333	0.031000	0.044814	
1	0.000000	0.0	0	999	0.038038	0.771216	4	0.250000	0.038000	0.044785	
4	0.250000	5	0.000000	991	0.032291	0.771216	8	0.250000	0.033000	0.044735	
1	0.000000	20	0.000000	979	0.030644	0.771216	9	0.222222	0.030000	0.044672	
3	0.666667	12	0.000000	985	0.032487	0.771216	12	0.333333	0.034000	0.044627	
0.0	0	0.0	0	1000	0.037000	0.771216	0	0.000000	0.037000	0.044595	
3	0.000000	1	0.000000	996	0.039157	0.771216	3	0.000000	0.039000	0.044571	
0.0	0	0.0	0	1000	0.048000	0.771216	3	0.000000	0.048000	0.044586	
2	0.500000	0.0	0	998	0.028056	0.771216	5	0.200000	0.029000	0.044521	
0.0	0	1	0.000000	999	0.042042	0.771216	5	0.200000	0.042000	0.044510	
3	0.333333	0.0	0	997	0.044132	0.771216	8	0.250000	0.045000	0.044512	
1	0.000000	1	0.000000	998	0.031062	0.771216	9	0.222222	0.031000	0.044457	
4	0.250000	0.0	0	996	0.039157	0.771216	13	0.230769	0.040000	0.044438	
3	0.333333	0.0	0	997	0.044132	0.771216	3	0.333333	0.045000	0.044441	
4	0.250000	1	0.000000	995	0.037186	0.771216	7	0.285714	0.038000	0.044414	
5	0.200000	0.0	0	995	0.043216	0.771216	12	0.250000	0.044000	0.044413	
0.0	0	0.0	0	1000	0.042000	0.771216	0	0.000000	0.042000	0.044403	
1	0.000000	0.0	0	999	0.044044	0.771216	1	0.000000	0.044000	0.044401	
5	0.200000	0.0	0	995	0.056281	0.771216	6	0.166667	0.057000	0.044452	
3	0.333333	1	0.000000	996	0.040161	0.771216	9	0.222222	0.041000	0.044438	
0.0	0	0.0	0	1000	0.053000	0.771216	9	0.222222	0.053000	0.044472	
2	0.000000	0.0	0	998	0.056112	0.771216	11	0.181818	0.056000	0.044518	
2	0.500000	1	0.000000	997	0.047141	0.566555	2	0.500000	0.048000	0.044531	
1	1.000000	0.0	0	999	0.043043	0.566555	3	0.666667	0.044000	0.044529	
6	0.833333	0.0	0	994	0.038229	0.566555	9	0.777778	0.043000	0.044523	
3	0.000000	0.0	0	997	0.031093	0.566555	12	0.583333	0.031000	0.044471	
0.0	0	0.0	0	1000	0.023000	1.041576	0	0.000000	0.023000	0.044387	
5	0.000000	0.0	0	995	0.040201	1.041576	5	0.000000	0.040000	0.044370	
2	0.000000	1	0.000000	997	0.048144	1.041576	7	0.000000	0.048000	0.044384	
4	0.000000	1	0.000000	995	0.035176	1.041576	11	0.000000	0.035000	0.044348	
3	0.000000	0.0	0	997	0.036108	0.893132	3	0.000000	0.036000	0.044317	
3	0.000000	2	0.000000	995	0.028141	0.893132	6	0.000000	0.028000	0.044255	
3	0.000000	1	0.000000	996	0.037149	0.893132	9	0.000000	0.037000	0.044227	
1	0.000000	1	0.000000	998	0.030060	0.893132	10	0.000000	0.030000	0.044173	
1	1.000000	0.0	0	999	0.040040	0.787488	1	1.000000	0.041000	0.044161	
2	0.000000	2	0.000000	996	0.023092	0.787488	3	0.333333	0.023000	0.044082	
2	0.000000	0.0	0	998	0.030060	0.787488	5	0.200000	0.030000	0.044030	
5	0.000000	0.0	0	995	0.035176	0.787488	10	0.100000	0.035000	0.043996	
1	0.000000	0.0	0	999	0.044044	0.785250	1	0.000000	0.044000	0.043996	
0.0	0	0.0	0	1000	0.027000	0.785250	1	0.000000	0.027000	0.043933	
2	0.000000	0.0	0	998	0.031062	0.785250	3	0.000000	0.031000	0.043886	
2	0.500000	1	0.000000	997	0.027081	0.785250	5	0.200000	0.028000	0.043828	
1	1.000000	0.0	0	999	0.023023	0.785250	6	0.333333	0.024000	0.043755	
3	0.333333	0.0	0	997	0.029087	0.785250	9	0.333333	0.030000	0.043705	
3	0.000000	0.0	0	997	0.029087	0.785250	12	0.250000	0.029000	0.043652	
1	0.000000	0.0	0	999	0.034034	0.785250	1	0.000000	0.034000	0.043617	
4	0.000000	0.0	0	996	0.039157	0.785250	5	0.000000	0.039000	0.043601	
3	0.000000	0.0	0	997	0.035105	0.785250	8	0.000000	0.035000	0.043570	
3	0.000000	0.0	0	997	0.035105	0.785250	11	0.000000	0.035000	0.043539	
4	0.000000	0.0	0	996	0.030120	0.731919	4	0.000000	0.030000	0.043491	
6	0.000000	0.0	0	994	0.030181	0.731919	10	0.000000	0.030000	0.043443	
5	0.600000	0.0	0	995	0.043216	0.518594	5	0.600000	0.046000	0.043452	
8	0.625000	1	0.000000	991	0.031282	0.518594	13	0.615385	0.036000	0.043426	
1	1.000000	0.0	0	999	0.026026	0.571039	1	1.000000	0.027000	0.043368	
7	0.428571	0.0	0	993	0.030211	0.571039	8	0.500000	0.033000	0.043332	
4	0.250000	0.0	0	996	0.032129	0.571039	12	0.416667	0.033000	0.043296	
0.0	0	0.0	0	1000	0.023000	0.931336	0	0.000000	0.023000	0.043226	
3	0.000000	2	0.000000	995	0.034171	0.931336	3	0.000000	0.034000	0.043194	
2	0.000000	1	0.000000	997	0.024072	0.931336	5	0.000000	0.024000	0.043127	
3	0.333333	0.0	0	997	0.028084	0.931336	8	0.125000	0.029000	0.043079	
2	0.000000	0.0	0	998	0.029058	0.931336	10	0.100000	0.029000	0.043031	
4	0.250000	0.0	0	996	0.027108	0.580750	4	0.250000	0.028000	0.042979	
5	0.200000	0.0	0	995	0.029146	0.580750	9	0.222222	0.030000	0.042935	
3	0.666667	0.0	0	997	0.031093	0.580750	12	0.333333	0.033000	0.042902	
5	0.200000	0.0	0	995	0.034171	0.580750	5	0.200000	0.035000	0.042875	
4	0.000000	0.0	0	996	0.033133	0.580750	9	0.111111	0.033000	0.042842	
4	0.000000	0.0	0	996	0.041165	0.580750	13	0.076923	0.041000	0.042835	
4	0.250000	1	0.000000	995	0.032161	0.550042	4	0.250000	0.033000	0.042803	
3	0.333333	0.0	0	997	0.029087	0.550042	7	0.285714	0.030000	0.042760	
5	0.400000	0.0	0	995	0.038191	0.550042	12	0.333333	0.040000	0.042751	
1	0.000000	0.0	0	999	0.030030	0.550042	1	0.000000	0.030000	0.042708	
3	0.666667	1	0.000000	996	0.046185	0.550042	4	0.500000	0.048000	0.042726	
5	0.400000	0.0	0	995	0.032161	0.550042	9	0.444444	0.034000	0.042697	
7	0.285714	3	0.666667	990	0.029293	0.550042	16	0.375000	0.033000	0.042665	
3	0.666667	2	1.000000	995	0.032161	0.550042	3	0.666667	0.036000	0.042644	
2	0.000000	0.0	0	998	0.032064	0.550042	5	0.400000	0.032000	0.042609	
6	0.500000	0.0	0	994	0.031187	0.550042	11	0.454545	0.034000	0.042581	
2	0.000000	0.0	0	998	0.027054	0.882746	2	0.000000	0.027000	0.042531	
5	0.400000	0.0	0	995	0.024121	0.882746	7	0.285714	0.026000	0.042477	
2	0.500000	0.0	0	998	0.031062	0.882746	9	0.333333	0.032000	0.042444	
2	0.500000	1	0.000000	997	0.037111	0.882746	11	0.363636	0.038000	0.042429	
8	0.125000	2	0.000000	990	0.028283	0.882746	8	0.125000	0.029000	0.042386	
2	0.500000	1	0.000000	997	0.042126	0.882746	10	0.200000	0.043000	0.042388	
5	0.000000	1	0.000000	994	0.035211	0.882746	5	0.000000	0.035000	0.042365	
7	0.142857	0.0	0	993	0.052367	0.882746	12	0.083333	0.053000	0.042399	
6	0.000000	0.0	0	994	0.035211	0.735977	6	0.000000	0.035000	0.042375	
3	1.000000	0.0	0	997	0.053159	0.735977	9	0.333333	0.056000	0.042418	
6	0.166667	0.0	0	994	0.041247	0.735977	15	0.266667	0.042000	0.042417	
4	0.000000	0.0	0	996	0.057229	0.735977	4	0.000000	0.057000	0.042462	
6	0.166667	1	0.000000	993	0.027190	0.735977	10	0.100000	0.028000	0.042417	
3	0.000000	1	0.000000	996	0.024096	0.488076	3	0.000000	0.024000	0.042360	
4	0.250000	0.0	0	996	0.042169	0.488076	7	0.142857	0.043000	0.042362	
4	0.500000	0.0	0	996	0.038153	0.488076	11	0.272727	0.040000	0.042355	
3	0.666667	4	0.000000	993	0.017120	0.488076	3	0.666667	0.019000	0.042283	
5	0.600000	19	0.000000	976	0.022541	0.488076	8	0.625000	0.025000	0.042230	
3	0.333333	0.0	0	997	0.026078	0.488076	11	0.545455	0.027000	0.042183	
1	0.000000	0.0	0	999	0.035035	0.811617	1	0.000000	0.035000	0.042161	
3	0.333333	0.0	0	997	0.025075	0.811617	4	0.250000	0.026000	0.042112	
5	0.000000	0.0	0	995	0.037186	0.811617	9	0.111111	0.037000	0.042097	
2	0.000000	0.0	0	998	0.034068	0.811617	11	0.090909	0.034000	0.042072	
4	1.000000	1	0.000000	995	0.037186	0.456009	4	1.000000	0.041000	0.042069	
1	0.000000	0.0	0	999	0.037037	0.456009	5	0.800000	0.037000	0.042054	
2	1.000000	1	0.000000	997	0.047141	0.456009	7	0.857143	0.049000	0.042075	
1	0.000000	0.0	0	999	0.043043	0.456009	8	0.750000	0.043000	0.042077	
4	0.500000	1	0.000000	995	0.029146	0.456009	12	0.666667	0.031000	0.042045	
2	1.000000	0.0	0	998	0.032064	0.831150	2	1.000000	0.034000	0.042021	
2	0.500000	0.0	0	998	0.039078	0.831150	4	0.750000	0.040000	0.042015	
2	0.000000	0.0	0	998	0.028056	0.831150	6	0.500000	0.028000	0.041973	
4	0.500000	1	0.000000	995	0.035176	0.831150	10	0.500000	0.037000	0.041959	
3	0.000000	0.0	0	997	0.024072	0.929387	3	0.000000	0.024000	0.041906	
1	0.000000	0.0	0	999	0.034034	0.929387	4	0.000000	0.034000	0.041883	
9	0.333333	0.0	0	991	0.033300	0.929387	13	0.230769	0.036000	0.041866	
5	0.000000	0.0	0	995	0.027136	0.929387	5	0.000000	0.027000	0.041823	
3	0.000000	0.0	0	997	0.045135	0.929387	8	0.000000	0.045000	0.041832	
4	0.000000	0.0	0	996	0.027108	0.929387	12	0.000000	0.027000	0.041789	
4	0.000000	1	0.000000	995	0.037186	0.818687	4	0.000000	0.037000	0.041775	
4	0.000000	1	0.000000	995	0.036181	0.818687	8	0.000000	0.036000	0.041759	
2	0.000000	0.0	0	998	0.026052	0.818687	10	0.000000	0.026000	0.041713	
4	0.250000	1	0.000000	995	0.040201	0.417448	4	0.250000	0.041000	0.041711	
5	0.000000	0.0	0	995	0.024121	0.417448	9	0.111111	0.024000	0.041661	
4	0.250000	0.0	0	996	0.037149	0.417448	13	0.153846	0.038000	0.041650	
1	1.000000	1	0.000000	998	0.025050	0.259922	1	1.000000	0.026000	0.041606	
4	0.500000	0.0	0	996	0.025100	0.259922	5	0.600000	0.027000	0.041565	
3	0.000000	0.0	0	997	0.034102	0.259922	8	0.375000	0.034000	0.041544	
3	0.666667	1	0.000000	996	0.019076	0.259922	11	0.454545	0.021000	0.041486	
4	0.750000	2	0.000000	994	0.033199	0.284590	4	0.750000	0.036000	0.041470	
7	0.857143	0.0	0	993	0.020141	0.284590	11	0.818182	0.026000	0.041427	
1	0.000000	1	0.000000	998	0.033066	0.514598	1	0.000000	0.033000	0.041404	
3	0.000000	0.0	0	997	0.025075	0.514598	4	0.000000	0.025000	0.041358	
3	0.666667	0.0	0	997	0.029087	0.514598	7	0.285714	0.031000	0.041330	
4	0.250000	0.0	0	996	0.031124	0.514598	11	0.272727	0.032000	0.041304	
3	1.000000	0.0	0	997	0.051153	0.514598	3	1.000000	0.054000	0.041339	
2	0.500000	0.0	0	998	0.034068	0.514598	5	0.800000	0.035000	0.041321	
1	0.000000	0.0	0	999	0.031031	0.514598	6	0.666667	0.031000	0.041293	
5	0.800000	0.0	0	995	0.023116	0.514598	11	0.727273	0.027000	0.041254	
3	0.000000	1	0.000000	996	0.023092	1.012442	3	0.000000	0.023000	0.041204	
1	0.000000	1	0.000000	998	0.028056	1.012442	4	0.000000	0.028000	0.041168	
5	0.000000	0.0	0	995	0.028141	1.012442	9	0.000000	0.028000	0.041133	
5	0.000000	1	0.000000	994	0.032193	1.012442	14	0.000000	0.032000	0.041108	
5	0.000000	0.0	0	995	0.021106	0.953630	5	0.000000	0.021000	0.041054	
3	0.000000	0.0	0	997	0.034102	0.953630	8	0.000000	0.034000	0.041035	
1	0.000000	2	0.000000	997	0.023069	0.953630	9	0.000000	0.023000	0.040986	
4	0.000000	0.0	0	996	0.038153	0.953630	13	0.000000	0.038000	0.040979	
5	0.000000	2	0.000000	993	0.013092	0.799203	5	0.000000	0.013000	0.040904	
3	0.000000	1	0.000000	996	0.048193	0.799203	8	0.000000	0.048000	0.040923	
5	0.000000	0.0	0	995	0.036181	0.799203	13	0.000000	0.036000	0.040910	
3	0.000000	1	0.000000	996	0.035141	0.784360	3	0.000000	0.035000	0.040894	
6	0.333333	0.0	0	994	0.041247	0.784360	9	0.222222	0.043000	0.040900	
1	0.000000	0.0	0	999	0.030030	0.784360	10	0.200000	0.030000	0.040871	
0.0	0	0.0	0	1000	0.043000	0.784360	0	0.000000	0.043000	0.040877	
4	0.000000	0.0	0	996	0.037149	0.784360	4	0.000000	0.037000	0.040866	
0.0	0	0.0	0	1000	0.030000	0.784360	4	0.000000	0.030000	0.040838	
1	0.000000	0.0	0	999	0.037037	0.784360	5	0.000000	0.037000	0.040828	
2	0.000000	0.0	0	998	0.029058	0.784360	7	0.000000	0.029000	0.040797	
3	0.333333	0.0	0	997	0.037111	0.784360	10	0.100000	0.038000	0.040790	
4	0.750000	3	0.000000	993	0.024169	0.556113	4	0.750000	0.027000	0.040754	
3	0.666667	0.0	0	997	0.026078	0.556113	7	0.714286	0.028000	0.040722	
2	0.500000	0.0	0	998	0.027054	0.556113	9	0.666667	0.028000	0.040689	
2	0.500000	0.0	0	998	0.030060	0.556113	11	0.636364	0.031000	0.040664	
1	1.000000	0.0	0	999	0.031031	0.576273	1	1.000000	0.032000	0.040642	
2	0.000000	0.0	0	998	0.033066	0.576273	3	0.333333	0.033000	0.040622	
1	0.000000	1	0.000000	998	0.024048	0.576273	4	0.250000	0.024000	0.040580	
2	0.000000	0.0	0	998	0.026052	0.576273	6	0.166667	0.026000	0.040543	
5	0.400000	0.0	0	995	0.042211	0.576273	11	0.272727	0.044000	0.040552	
5	0.200000	3	0.000000	992	0.017137	0.576273	5	0.200000	0.018000	0.040495	
0.0	0	2	0.000000	998	0.025050	0.576273	5	0.200000	0.025000	0.040456	
3	0.666667	1	0.000000	996	0.030120	0.576273	8	0.375000	0.032000	0.040435	
0.0	0	0.0	0	1000	0.027000	0.576273	8	0.375000	0.027000	0.040401	
0.0	0	0.0	0	1000	0.014000	0.576273	8	0.375000	0.014000	0.040335	
2	0.000000	0.0	0	998	0.036072	0.576273	10	0.300000	0.036000	0.040324	
3	0.000000	0.0	0	997	0.018054	0.576273	3	0.000000	0.018000	0.040269	
1	0.000000	1	0.000000	998	0.027054	0.576273	4	0.000000	0.027000	0.040236	
2	0.500000	1	0.000000	997	0.032096	0.576273	6	0.166667	0.033000	0.040218	
1	0.000000	0.0	0	999	0.025025	0.576273	7	0.142857	0.025000	0.040180	
4	0.500000	0.0	0	996	0.024096	0.576273	11	0.272727	0.026000	0.040145	
4	0.500000	0.0	0	996	0.022088	0.576273	4	0.500000	0.024000	0.040106	
3	0.333333	0.0	0	997	0.031093	0.576273	7	0.428571	0.032000	0.040086	
4	0.000000	0.0	0	996	0.040161	0.576273	11	0.272727	0.040000	0.040085	
4	0.500000	0.0	0	996	0.036145	0.576273	4	0.500000	0.038000	0.040080	
5	0.600000	0.0	0	995	0.027136	0.576273	9	0.555556	0.030000	0.040056	
2	0.500000	0.0	0	998	0.027054	0.576273	11	0.545455	0.028000	0.040027	
4	0.250000	1	0.000000	995	0.021106	0.873416	4	0.250000	0.022000	0.039983	
2	0.500000	1	0.000000	997	0.029087	0.873416	6	0.333333	0.030000	0.039959	
4	0.250000	2	0.000000	994	0.024145	0.873416	10	0.300000	0.025000	0.039923	
3	0.333333	0.0	0	997	0.028084	0.873416	3	0.333333	0.029000	0.039897	
12	0.000000	0.0	0	988	0.027328	0.873416	15	0.066667	0.027000	0.039866	
7	0.571429	1	0.000000	992	0.020161	0.479888	7	0.571429	0.024000	0.039828	
5	0.600000	0.0	0	995	0.021106	0.479888	12	0.583333	0.024000	0.039790	
1	1.000000	0.0	0	999	0.026026	0.661405	1	1.000000	0.027000	0.039759	
3	0.333333	0.0	0	997	0.017051	0.661405	4	0.500000	0.018000	0.039708	
3	0.666667	0.0	0	997	0.033099	0.661405	7	0.571429	0.035000	0.039697	
5	0.200000	0.0	0	995	0.034171	0.661405	12	0.416667	0.035000	0.039685	
5	0.000000	0.0	0	995	0.039196	1.015951	5	0.000000	0.039000	0.039684	
4	0.000000	0.0	0	996	0.035141	1.015951	9	0.000000	0.035000	0.039673	
4	0.000000	0.0	0	996	0.028112	1.015951	13	0.000000	0.028000	0.039645	
2	0.500000	0.0	0	998	0.018036	0.605893	2	0.500000	0.019000	0.039597	
3	0.000000	1	0.000000	996	0.024096	0.605893	5	0.200000	0.024000	0.039561	
0.0	0	1	0.000000	999	0.020020	0.605893	5	0.200000	0.020000	0.039515	
3	0.666667	0.0	0	997	0.016048	0.605893	8	0.375000	0.018000	0.039465	
3	0.333333	0.0	0	997	0.032096	0.605893	11	0.363636	0.033000	0.039450	
4	0.250000	0.0	0	996	0.020080	0.605893	4	0.250000	0.021000	0.039407	
4	0.250000	0.0	0	996	0.024096	0.605893	8	0.250000	0.025000	0.039374	
1	1.000000	0.0	0	999	0.022022	0.605893	9	0.333333	0.023000	0.039336	
8	0.250000	0.0	0	992	0.038306	0.605893	17	0.294118	0.040000	0.039338	
0.0	0	0.0	0	1000	0.029000	0.605893	0	0.000000	0.029000	0.039314	
6	0.666667	1	0.000000	993	0.028197	0.605893	6	0.666667	0.032000	0.039297	
6	0.000000	0.0	0	994	0.029175	0.605893	12	0.333333	0.029000	0.039274	
4	0.250000	0.0	0	996	0.034137	0.605893	4	0.250000	0.035000	0.039264	
6	0.500000	0.0	0	994	0.032193	0.605893	10	0.400000	0.035000	0.039254	
5	0.200000	0.0	0	995	0.035176	0.605893	5	0.200000	0.036000	0.039247	
0.0	0	0.0	0	1000	0.025000	0.605893	5	0.200000	0.025000	0.039215	
0.0	0	0.0	0	1000	0.036000	0.605893	5	0.200000	0.036000	0.039208	
3	0.000000	0.0	0	997	0.029087	0.605893	8	0.125000	0.029000	0.039185	
6	0.166667	0.0	0	994	0.031187	0.605893	14	0.142857	0.032000	0.039168	
4	0.250000	0.0	0	996	0.018072	0.413710	4	0.250000	0.019000	0.039123	
6	0.666667	8	0.000000	986	0.031440	0.413710	10	0.500000	0.035000	0.039114	
9	0.444444	0.0	0	991	0.027245	0.516943	9	0.444444	0.031000	0.039096	
5	0.600000	0.0	0	995	0.034171	0.516943	14	0.500000	0.037000	0.039091	
3	0.333333	1	0.000000	996	0.035141	0.569617	3	0.333333	0.036000	0.039084	
3	0.333333	1	0.000000	996	0.038153	0.569617	6	0.333333	0.039000	0.039084	
3	0.000000	1	0.000000	996	0.030120	0.569617	9	0.222222	0.030000	0.039064	
3	0.666667	0.0	0	997	0.028084	0.569617	12	0.333333	0.030000	0.039044	
3	0.000000	0.0	0	997	0.026078	0.569617	3	0.000000	0.026000	0.039015	
0.0	0	0.0	0	1000	0.029000	0.569617	3	0.000000	0.029000	0.038993	
1	1.000000	0.0	0	999	0.028028	0.569617	4	0.250000	0.029000	0.038971	
2	0.000000	0.0	0	998	0.036072	0.569617	6	0.166667	0.036000	0.038965	
2	0.000000	0.0	0	998	0.033066	0.569617	8	0.125000	0.033000	0.038952	
2	0.000000	0.0	0	998	0.035070	0.569617	10	0.100000	0.035000	0.038943	
7	0.857143	0.0	0	993	0.040282	0.286325	7	0.857143	0.046000	0.038959	
5	0.600000	0.0	0	995	0.021106	0.286325	12	0.750000	0.024000	0.038926	
3	0.333333	0.0	0	997	0.035105	0.515210	3	0.333333	0.036000	0.038920	
1	0.000000	0.0	0	999	0.037037	0.515210	4	0.250000	0.037000	0.038916	
4	0.250000	0.0	0	996	0.022088	0.515210	8	0.250000	0.023000	0.038881	
2	0.000000	0.0	0	998	0.039078	0.515210	10	0.200000	0.039000	0.038882	
3	0.666667	1	0.000000	996	0.026104	0.515210	3	0.666667	0.028000	0.038858	
4	0.000000	0.0	0	996	0.035141	0.515210	7	0.285714	0.035000	0.038850	
2	0.000000	0.0	0	998	0.044088	0.515210	9	0.222222	0.044000	0.038861	
6	0.333333	0.0	0	994	0.043260	0.515210	15	0.266667	0.045000	0.038874	
1	0.000000	0.0	0	999	0.044044	0.515210	1	0.000000	0.044000	0.038885	
2	0.500000	1	0.000000	997	0.041123	0.515210	3	0.333333	0.042000	0.038892	
2	0.000000	0.0	0	998	0.029058	0.515210	5	0.200000	0.029000	0.038871	
2	0.500000	0.0	0	998	0.017034	0.515210	7	0.285714	0.018000	0.038827	
2	0.000000	0.0	0	998	0.034068	0.515210	9	0.222222	0.034000	0.038816	
5	0.400000	0.0	0	995	0.017085	0.515210	14	0.285714	0.019000	0.038775	
3	0.333333	0.0	0	997	0.037111	0.515210	3	0.333333	0.038000	0.038773	
2	0.000000	0.0	0	998	0.029058	0.515210	5	0.200000	0.029000	0.038753	
7	0.285714	2	0.000000	991	0.028254	0.515210	12	0.250000	0.030000	0.038734	
7	0.571429	0.0	0	993	0.049345	0.515210	7	0.571429	0.053000	0.038764	
5	0.400000	0.0	0	995	0.034171	0.515210	12	0.500000	0.036000	0.038758	
6	0.333333	2	0.000000	992	0.017137	0.549202	6	0.333333	0.019000	0.038717	
2	0.000000	0.0	0	998	0.038076	0.549202	8	0.250000	0.038000	0.038716	
1	0.000000	0.0	0	999	0.026026	0.549202	9	0.222222	0.026000	0.038689	
8	0.250000	11	0.090909	981	0.046891	0.549202	17	0.235294	0.049000	0.038711	
5	0.400000	13	0.000000	982	0.035642	0.549202	5	0.400000	0.037000	0.038707	
5	0.200000	0.0	0	995	0.041206	0.549202	10	0.300000	0.042000	0.038714	
9	0.333333	0.0	0	991	0.050454	0.549202	9	0.333333	0.053000	0.038743	
10	0.600000	12	0.000000	978	0.050102	0.549202	19	0.473684	0.055000	0.038777	
8	0.125000	0.0	0	992	0.036290	1.062206	8	0.125000	0.037000	0.038773	
6	0.000000	0.0	0	994	0.052314	1.062206	14	0.071429	0.052000	0.038800	
5	0.200000	0.0	0	995	0.041206	0.683170	5	0.200000	0.042000	0.038806	
2	0.500000	1	0.000000	997	0.062187	0.683170	7	0.285714	0.063000	0.038856	
5	0.600000	0.0	0	995	0.066332	0.683170	12	0.416667	0.069000	0.038917	
6	0.000000	0.0	0	994	0.045272	1.133227	6	0.000000	0.045000	0.038929	
5	0.000000	0.0	0	995	0.068342	1.133227	11	0.000000	0.068000	0.038988	
6	0.166667	2	0.000000	992	0.045363	0.613934	6	0.166667	0.046000	0.039002	
7	0.142857	0.0	0	993	0.047331	0.613934	13	0.153846	0.048000	0.039020	
2	0.500000	0.0	0	998	0.048096	0.550439	2	0.500000	0.049000	0.039040	
8	0.375000	1	0.000000	991	0.048436	0.550439	10	0.400000	0.051000	0.039064	
5	0.400000	0.0	0	995	0.040201	0.550439	5	0.400000	0.042000	0.039070	
6	0.500000	0.0	0	994	0.040241	0.550439	11	0.454545	0.043000	0.039078	
2	0.500000	0.0	0	998	0.039078	1.010619	2	0.500000	0.040000	0.039080	
2	0.000000	0.0	0	998	0.031062	1.010619	4	0.250000	0.031000	0.039064	
9	0.222222	1	0.000000	990	0.049495	1.010619	13	0.230769	0.051000	0.039087	
2	0.000000	0.0	0	998	0.054108	1.010619	2	0.000000	0.054000	0.039117	
1	0.000000	0.0	0	999	0.041041	1.010619	3	0.000000	0.041000	0.039120	
5	0.400000	0.0	0	995	0.044221	1.010619	8	0.250000	0.046000	0.039134	
1	0.000000	1	0.000000	998	0.028056	1.010619	9	0.222222	0.028000	0.039112	
2	0.500000	0.0	0	998	0.048096	1.010619	11	0.272727	0.049000	0.039132	
3	0.000000	0.0	0	997	0.043129	1.010619	3	0.000000	0.043000	0.039139	
3	0.000000	0.0	0	997	0.039117	1.010619	6	0.000000	0.039000	0.039139	
1	0.000000	0.0	0	999	0.044044	1.010619	7	0.000000	0.044000	0.039148	
3	0.333333	0.0	0	997	0.027081	1.010619	10	0.100000	0.028000	0.039127	
1	0.000000	0.0	0	999	0.028028	0.999133	1	0.000000	0.028000	0.039105	
3	0.333333	1	0.000000	996	0.032129	0.999133	4	0.250000	0.033000	0.039093	
0.0	0	0.0	0	1000	0.048000	0.999133	4	0.250000	0.048000	0.039110	
0.0	0	0.0	0	1000	0.040000	0.999133	4	0.250000	0.040000	0.039112	
1	0.000000	0.0	0	999	0.030030	0.999133	5	0.200000	0.030000	0.039095	
0.0	0	2	0.000000	998	0.045090	0.999133	5	0.200000	0.045000	0.039106	
0.0	0	0.0	0	1000	0.038000	0.999133	5	0.200000	0.038000	0.039104	
0.0	0	0.0	0	1000	0.028000	0.999133	5	0.200000	0.028000	0.039082	
3	0.000000	0.0	0	997	0.030090	0.999133	8	0.125000	0.030000	0.039065	
1	0.000000	0.0	0	999	0.045045	0.999133	9	0.111111	0.045000	0.039076	
0.0	0	1	0.000000	999	0.039039	0.999133	9	0.111111	0.039000	0.039076	
0.0	0	0.0	0	1000	0.034000	0.999133	9	0.111111	0.034000	0.039067	
1	0.000000	0.0	0	999	0.035035	0.999133	10	0.100000	0.035000	0.039059	
2	0.500000	0.0	0	998	0.031062	0.782974	2	0.500000	0.032000	0.039045	
2	0.000000	0.0	0	998	0.038076	0.782974	4	0.250000	0.038000	0.039043	
5	0.000000	0.0	0	995	0.046231	0.782974	9	0.111111	0.046000	0.039057	
4	0.500000	0.0	0	996	0.038153	0.782974	13	0.230769	0.040000	0.039058	
6	0.000000	1	0.000000	993	0.048338	0.782974	6	0.000000	0.048000	0.039075	
6	0.333333	0.0	0	994	0.046278	0.782974	12	0.166667	0.048000	0.039092	
1	1.000000	0.0	0	999	0.031031	0.441573	1	1.000000	0.032000	0.039079	
8	0.250000	0.0	0	992	0.043347	0.441573	9	0.333333	0.045000	0.039090	
2	1.000000	0.0	0	998	0.037074	0.441573	11	0.454545	0.039000	0.039090	
1	0.000000	0.0	0	999	0.031031	0.551292	1	0.000000	0.031000	0.039075	
1	1.000000	0.0	0	999	0.028028	0.551292	2	0.500000	0.029000	0.039056	
3	0.333333	0.0	0	997	0.031093	0.551292	5	0.400000	0.032000	0.039043	
7	0.142857	0.0	0	993	0.032226	0.551292	12	0.250000	0.033000	0.039031	
11	0.181818	1	0.000000	988	0.049595	0.551292	11	0.181818	0.051000	0.039054	
10	0.600000	2	0.000000	988	0.032389	0.352391	10	0.600000	0.038000	0.039052	
5	0.000000	0.0	0	995	0.064322	0.701907	5	0.000000	0.064000	0.039098	
3	0.000000	0.0	0	997	0.045135	0.701907	8	0.000000	0.045000	0.039109	
3	0.000000	1	0.000000	996	0.031124	0.701907	11	0.000000	0.031000	0.039094	
2	0.500000	0.0	0	998	0.041082	0.633935	2	0.500000	0.042000	0.039099	
4	0.000000	0.0	0	996	0.032129	0.633935	6	0.166667	0.032000	0.039086	
5	0.000000	1	0.000000	994	0.041247	0.633935	11	0.090909	0.041000	0.039090	
3	0.333333	0.0	0	997	0.045135	0.427185	3	0.333333	0.046000	0.039102	
8	0.375000	2	0.000000	990	0.054545	0.427185	11	0.363636	0.057000	0.039135	
0.0	0	0.0	0	1000	0.027000	0.427185	0	0.000000	0.027000	0.039113	
5	0.400000	0.0	0	995	0.045226	0.427185	5	0.400000	0.047000	0.039127	
4	0.500000	1	0.000000	995	0.040201	0.427185	9	0.444444	0.042000	0.039132	
10	0.600000	0.0	0	990	0.049495	0.427185	19	0.526316	0.055000	0.039161	
6	0.000000	0.0	0	994	0.029175	0.850088	6	0.000000	0.029000	0.039143	
1	1.000000	28	0.000000	971	0.039135	0.850088	7	0.142857	0.039000	0.039142	
6	0.166667	25	0.000000	969	0.030960	0.850088	13	0.153846	0.031000	0.039128	
6	0.166667	0.0	0	994	0.026157	0.825822	6	0.166667	0.027000	0.039106	
1	0.000000	0.0	0	999	0.032032	0.825822	7	0.142857	0.032000	0.039093	
3	0.000000	0.0	0	997	0.039117	0.825822	10	0.100000	0.039000	0.039093	
4	0.000000	1	0.000000	995	0.038191	0.442251	4	0.000000	0.038000	0.039091	
8	0.500000	0.0	0	992	0.042339	0.442251	12	0.333333	0.046000	0.039103	
6	0.666667	0.0	0	994	0.025151	0.442251	6	0.666667	0.029000	0.039085	
7	0.142857	0.0	0	993	0.036254	0.442251	13	0.384615	0.037000	0.039082	
6	0.666667	0.0	0	994	0.045272	0.442251	6	0.666667	0.049000	0.039099	
2	0.000000	0.0	0	998	0.049098	0.442251	8	0.500000	0.049000	0.039117	
3	0.666667	1	0.000000	996	0.031124	0.442251	11	0.545455	0.033000	0.039106	
6	0.500000	0.0	0	994	0.038229	0.571798	6	0.500000	0.041000	0.039109	
1	0.000000	0.0	0	999	0.062062	0.571798	7	0.428571	0.062000	0.039150	
4	0.500000	0.0	0	996	0.060241	0.571798	11	0.454545	0.062000	0.039190	
11	0.090909	0.0	0	989	0.048534	0.768996	11	0.090909	0.049000	0.039207	
6	0.500000	1	0.000000	993	0.046324	0.448374	6	0.500000	0.049000	0.039224	
4	0.500000	1	0.000000	995	0.050251	0.448374	10	0.500000	0.052000	0.039246	
4	0.000000	1	0.000000	995	0.041206	0.795385	4	0.000000	0.041000	0.039249	
1	0.000000	0.0	0	999	0.045045	0.795385	5	0.000000	0.045000	0.039260	
6	0.166667	1	0.000000	993	0.050352	0.795385	11	0.090909	0.051000	0.039280	
3	0.333333	0.0	0	997	0.039117	0.469932	3	0.333333	0.040000	0.039281	
2	0.500000	0.0	0	998	0.042084	0.469932	5	0.400000	0.043000	0.039288	
3	0.333333	27	0.000000	970	0.054639	0.469932	8	0.375000	0.054000	0.039313	
8	0.250000	9	0.000000	983	0.046796	0.469932	16	0.312500	0.048000	0.039328	
5	0.600000	0.0	0	995	0.043216	0.469932	5	0.600000	0.046000	0.039340	
0.0	0	0.0	0	1000	0.033000	0.469932	5	0.600000	0.033000	0.039329	
2	0.500000	1	0.000000	997	0.026078	0.469932	7	0.571429	0.027000	0.039307	
9	0.444444	2	0.000000	989	0.049545	0.469932	16	0.500000	0.053000	0.039331	
3	0.333333	1	0.000000	996	0.035141	0.627307	3	0.333333	0.036000	0.039325	
5	0.400000	1	0.000000	994	0.033199	0.627307	8	0.375000	0.035000	0.039318	
7	0.428571	0.0	0	993	0.037261	0.627307	15	0.400000	0.040000	0.039319	
0.0	0	0.0	0	1000	0.039000	0.627307	0	0.000000	0.039000	0.039319	
1	0.000000	0.0	0	999	0.030030	0.627307	1	0.000000	0.030000	0.039303	
1	0.000000	0.0	0	999	0.036036	0.627307	2	0.000000	0.036000	0.039297	
1	0.000000	0.0	0	999	0.037037	0.627307	3	0.000000	0.037000	0.039293	
2	0.000000	0.0	0	998	0.056112	0.627307	5	0.000000	0.056000	0.039321	
1	0.000000	0.0	0	999	0.053053	0.627307	6	0.000000	0.053000	0.039345	
2	0.500000	0.0	0	998	0.037074	0.627307	8	0.125000	0.038000	0.039342	
3	0.333333	1	0.000000	996	0.035141	0.627307	11	0.181818	0.036000	0.039337	
5	0.600000	0.0	0	995	0.044221	0.338307	5	0.600000	0.047000	0.039350	
4	0.250000	0.0	0	996	0.044177	0.338307	9	0.444444	0.045000	0.039359	
5	0.600000	0.0	0	995	0.035176	0.338307	14	0.500000	0.038000	0.039357	
13	0.230769	1	1.000000	986	0.043611	0.631274	13	0.230769	0.047000	0.039369	
6	0.500000	0.0	0	994	0.043260	0.631274	6	0.500000	0.046000	0.039381	
1	0.000000	0.0	0	999	0.057057	0.631274	7	0.428571	0.057000	0.039410	
2	0.000000	0.0	0	998	0.037074	0.631274	9	0.333333	0.037000	0.039406	
1	0.000000	0.0	0	999	0.042042	0.631274	10	0.300000	0.042000	0.039410	
2	0.000000	0.0	0	998	0.061122	0.631274	2	0.000000	0.061000	0.039446	
2	0.000000	0.0	0	998	0.036072	0.631274	4	0.000000	0.036000	0.039440	
1	1.000000	0.0	0	999	0.036036	0.631274	5	0.200000	0.037000	0.039436	
2	0.500000	0.0	0	998	0.032064	0.631274	7	0.285714	0.033000	0.039426	
2	0.000000	0.0	0	998	0.039078	0.631274	9	0.222222	0.039000	0.039425	
2	0.000000	0.0	0	998	0.042084	0.631274	11	0.181818	0.042000	0.039429	
3	0.666667	9	0.888889	988	0.034413	0.326465	3	0.666667	0.044000	0.039437	
4	1.000000	0.0	0	996	0.041165	0.326465	7	0.857143	0.045000	0.039446	
1	1.000000	0.0	0	999	0.030030	0.326465	8	0.875000	0.031000	0.039432	
3	0.666667	0.0	0	997	0.039117	0.326465	11	0.818182	0.041000	0.039435	
4	0.250000	1	0.000000	995	0.041206	0.463673	4	0.250000	0.042000	0.039439	
6	0.166667	0.0	0	994	0.043260	0.463673	10	0.200000	0.044000	0.039446	
3	0.333333	0.0	0	997	0.040120	0.463673	3	0.333333	0.041000	0.039449	
6	0.500000	0.0	0	994	0.036217	0.463673	9	0.444444	0.039000	0.039448	
5	0.600000	0.0	0	995	0.046231	0.463673	14	0.500000	0.049000	0.039463	
10	0.200000	0.0	0	990	0.038384	0.586107	10	0.200000	0.040000	0.039464	
6	0.500000	1	0.000000	993	0.025176	0.586107	6	0.500000	0.028000	0.039446	
1	1.000000	0.0	0	999	0.033033	0.586107	7	0.571429	0.034000	0.039437	
1	0.000000	0.0	0	999	0.025025	0.586107	8	0.500000	0.025000	0.039414	
4	0.500000	0.0	0	996	0.049197	0.586107	12	0.500000	0.051000	0.039432	
3	0.000000	0.0	0	997	0.054162	0.968915	3	0.000000	0.054000	0.039456	
5	0.000000	0.0	0	995	0.082412	0.968915	8	0.000000	0.082000	0.039524	
5	0.600000	1	0.000000	994	0.055332	0.968915	13	0.230769	0.058000	0.039554	
1	1.000000	0.0	0	999	0.046046	0.968915	1	1.000000	0.047000	0.039565	
3	0.000000	1	0.000000	996	0.051205	0.968915	4	0.250000	0.051000	0.039584	
4	0.500000	0.0	0	996	0.060241	0.968915	8	0.375000	0.062000	0.039619	
8	0.375000	0.0	0	992	0.063508	0.968915	16	0.375000	0.066000	0.039661	
1	0.000000	1	0.000000	998	0.046092	0.968915	1	0.000000	0.046000	0.039671	
3	0.000000	1	0.000000	996	0.046185	0.968915	4	0.000000	0.046000	0.039681	
5	0.000000	1	0.000000	994	0.045272	0.968915	9	0.000000	0.045000	0.039690	
4	0.000000	1	0.000000	995	0.047236	0.968915	13	0.000000	0.047000	0.039701	
7	0.428571	0.0	0	993	0.040282	0.735163	7	0.428571	0.043000	0.039707	
6	0.000000	0.0	0	994	0.038229	0.735163	13	0.230769	0.038000	0.039704	
3	0.666667	0.0	0	997	0.048144	0.735163	3	0.666667	0.050000	0.039720	
2	0.000000	0.0	0	998	0.041082	0.735163	5	0.400000	0.041000	0.039722	
1	0.000000	0.0	0	999	0.040040	0.735163	6	0.333333	0.040000	0.039723	
0.0	0	0.0	0	1000	0.041000	0.735163	6	0.333333	0.041000	0.039725	
2	0.500000	0.0	0	998	0.039078	0.735163	8	0.375000	0.040000	0.039725	
0.0	0	1	0.000000	999	0.048048	0.735163	8	0.375000	0.048000	0.039738	
0.0	0	1	0.000000	999	0.044044	0.735163	8	0.375000	0.044000	0.039744	
0.0	0	1	0.000000	999	0.048048	0.735163	8	0.375000	0.048000	0.039757	
1	0.000000	1	0.000000	998	0.052104	0.735163	9	0.333333	0.052000	0.039776	
3	0.333333	0.0	0	997	0.049147	0.735163	12	0.333333	0.050000	0.039792	
1	1.000000	0.0	0	999	0.047047	0.735163	1	1.000000	0.048000	0.039805	
0.0	0	0.0	0	1000	0.034000	0.735163	1	1.000000	0.034000	0.039796	
0.0	0	0.0	0	1000	0.050000	0.735163	1	1.000000	0.050000	0.039812	
4	0.000000	0.0	0	996	0.052209	0.735163	5	0.200000	0.052000	0.039830	
2	0.000000	0.0	0	998	0.052104	0.735163	7	0.142857	0.052000	0.039849	
5	0.200000	0.0	0	995	0.048241	0.735163	12	0.166667	0.049000	0.039863	
3	0.666667	0.0	0	997	0.030090	0.653747	3	0.666667	0.032000	0.039851	
1	0.000000	1	0.000000	998	0.033066	0.653747	4	0.500000	0.033000	0.039841	
1	0.000000	0.0	0	999	0.063063	0.653747	5	0.400000	0.063000	0.039876	
2	0.000000	0.0	0	998	0.054108	0.653747	7	0.285714	0.054000	0.039898	
5	0.400000	0.0	0	995	0.046231	0.653747	12	0.333333	0.048000	0.039910	
3	0.333333	0.0	0	997	0.046138	0.653747	3	0.333333	0.047000	0.039921	
5	0.000000	0.0	0	995	0.056281	0.653747	8	0.125000	0.056000	0.039945	
2	0.000000	0.0	0	998	0.066132	0.653747	10	0.100000	0.066000	0.039985	
7	0.428571	0.0	0	993	0.050352	0.364843	7	0.428571	0.053000	0.040004	
6	0.333333	0.0	0	994	0.041247	0.364843	13	0.384615	0.043000	0.040009	
3	0.333333	0.0	0	997	0.059178	0.364843	3	0.333333	0.060000	0.040039	
7	0.285714	0.0	0	993	0.049345	0.364843	10	0.300000	0.051000	0.040056	
7	0.571429	0.0	0	993	0.056395	0.364843	7	0.571429	0.060000	0.040086	
2	0.000000	0.0	0	998	0.049098	0.364843	9	0.444444	0.049000	0.040099	
3	0.666667	1	0.000000	996	0.064257	0.364843	12	0.500000	0.066000	0.040138	
3	0.333333	3	0.000000	994	0.052314	0.669371	3	0.333333	0.053000	0.040157	
4	0.000000	0.0	0	996	0.066265	0.669371	7	0.142857	0.066000	0.040196	
4	0.000000	0.0	0	996	0.058233	0.669371	11	0.090909	0.058000	0.040223	
3	0.333333	0.0	0	997	0.043129	0.575350	3	0.333333	0.044000	0.040228	
2	0.000000	0.0	0	998	0.059118	0.575350	5	0.200000	0.059000	0.040256	
5	0.000000	0.0	0	995	0.061307	0.575350	10	0.100000	0.061000	0.040287	
4	0.250000	0.0	0	996	0.064257	0.561871	4	0.250000	0.065000	0.040324	
4	0.500000	1	0.000000	995	0.080402	0.561871	8	0.375000	0.082000	0.040386	
2	0.000000	0.0	0	998	0.060120	0.561871	10	0.300000	0.060000	0.040415	
0.0	0	0.0	0	1000	0.039000	0.561871	0	0.000000	0.039000	0.040413	
0.0	0	0.0	0	1000	0.041000	0.561871	0	0.000000	0.041000	0.040414	
1	1.000000	0.0	0	999	0.055055	0.561871	1	1.000000	0.056000	0.040437	
0.0	0	0.0	0	1000	0.044000	0.561871	1	1.000000	0.044000	0.040442	
1	1.000000	2	0.000000	997	0.062187	0.561871	2	1.000000	0.063000	0.040475	
9	0.333333	0.0	0	991	0.047427	0.561871	11	0.454545	0.050000	0.040489	
9	0.444444	0.0	0	991	0.061554	0.658337	9	0.444444	0.065000	0.040525	
11	0.090909	0.0	0	989	0.065723	0.658337	20	0.250000	0.066000	0.040562	
7	0.428571	0.0	0	993	0.057402	0.658337	7	0.428571	0.060000	0.040591	
7	0.285714	0.0	0	993	0.036254	0.658337	14	0.357143	0.038000	0.040587	
9	0.333333	1	0.000000	990	0.043434	0.658337	9	0.333333	0.046000	0.040595	
7	0.285714	0.0	0	993	0.034240	0.658337	16	0.312500	0.036000	0.040588	
6	0.500000	0.0	0	994	0.034205	0.658337	6	0.500000	0.037000	0.040583	
1	0.000000	0.0	0	999	0.050050	0.658337	7	0.428571	0.050000	0.040596	
4	0.000000	0.0	0	996	0.046185	0.658337	11	0.272727	0.046000	0.040604	
3	0.000000	0.0	0	997	0.039117	0.658337	3	0.000000	0.039000	0.040602	
1	1.000000	0.0	0	999	0.019019	0.658337	4	0.250000	0.020000	0.040572	
0.0	0	1	0.000000	999	0.045045	0.658337	4	0.250000	0.045000	0.040579	
3	0.000000	1	0.000000	996	0.044177	0.658337	7	0.142857	0.044000	0.040584	
3	0.333333	0.0	0	997	0.037111	0.658337	10	0.200000	0.038000	0.040580	
3	0.666667	0.0	0	997	0.068205	0.658337	3	0.666667	0.070000	0.040622	
0.0	0	0.0	0	1000	0.028000	0.658337	3	0.666667	0.028000	0.040604	
2	0.500000	0.0	0	998	0.055110	0.658337	5	0.600000	0.056000	0.040626	
2	0.000000	0.0	0	998	0.038076	0.658337	7	0.428571	0.038000	0.040622	
5	0.000000	0.0	0	995	0.048241	0.658337	12	0.250000	0.048000	0.040633	
2	0.500000	0.0	0	998	0.045090	0.658337	2	0.500000	0.046000	0.040640	
0.0	0	0.0	0	1000	0.038000	0.658337	2	0.500000	0.038000	0.040637	
0.0	0	0.0	0	1000	0.042000	0.658337	2	0.500000	0.042000	0.040639	
2	0.500000	0.0	0	998	0.041082	0.658337	4	0.500000	0.042000	0.040641	
3	0.666667	0.0	0	997	0.040120	0.658337	7	0.571429	0.042000	0.040642	
1	1.000000	0.0	0	999	0.043043	0.658337	8	0.625000	0.044000	0.040647	
1	0.000000	0.0	0	999	0.055055	0.658337	9	0.555556	0.055000	0.040668	
4	0.000000	0.0	0	996	0.049197	0.658337	13	0.384615	0.049000	0.040679	
3	0.000000	0.0	0	997	0.047141	0.658337	3	0.000000	0.047000	0.040688	
3	0.666667	0.0	0	997	0.040120	0.658337	6	0.333333	0.042000	0.040690	
8	0.125000	0.0	0	992	0.054435	0.658337	14	0.214286	0.055000	0.040710	
5	0.200000	0.0	0	995	0.038191	0.658337	5	0.200000	0.039000	0.040708	
4	0.750000	0.0	0	996	0.056225	0.658337	9	0.444444	0.059000	0.040733	
3	0.333333	0.0	0	997	0.067202	0.658337	12	0.416667	0.068000	0.040772	
5	0.000000	0.0	0	995	0.057286	1.280638	5	0.000000	0.057000	0.040794	
4	0.000000	0.0	0	996	0.072289	1.280638	9	0.000000	0.072000	0.040838	
2	0.000000	0.0	0	998	0.067134	1.280638	11	0.000000	0.067000	0.040874	
2	0.000000	0.0	0	998	0.058116	1.068246	2	0.000000	0.058000	0.040898	
4	0.000000	0.0	0	996	0.045181	1.068246	6	0.000000	0.045000	0.040904	
2	0.000000	1	0.000000	997	0.060181	1.068246	8	0.000000	0.060000	0.040930	
5	0.200000	0.0	0	995	0.059296	1.068246	13	0.076923	0.060000	0.040957	
5	0.200000	0.0	0	995	0.065327	0.889324	5	0.200000	0.066000	0.040992	
2	0.000000	0.0	0	998	0.041082	0.889324	7	0.142857	0.041000	0.040992	
2	0.000000	1	0.000000	997	0.054162	0.889324	9	0.111111	0.054000	0.041010	
2	0.000000	0.0	0	998	0.033066	0.889324	11	0.090909	0.033000	0.040999	
1	0.000000	0.0	0	999	0.049049	0.774562	1	0.000000	0.049000	0.041010	
1	0.000000	0.0	0	999	0.042042	0.774562	2	0.000000	0.042000	0.041011	
3	0.333333	1	0.000000	996	0.042169	0.774562	5	0.200000	0.043000	0.041014	
2	0.500000	0.0	0	998	0.060120	0.774562	7	0.285714	0.061000	0.041041	
2	0.000000	0.0	0	998	0.044088	0.774562	9	0.222222	0.044000	0.041045	
3	0.000000	0.0	0	997	0.034102	0.774562	12	0.166667	0.034000	0.041036	
1	0.000000	0.0	0	999	0.043043	0.712734	1	0.000000	0.043000	0.041038	
1	0.000000	0.0	0	999	0.039039	0.712734	2	0.000000	0.039000	0.041035	
1	0.000000	0.0	0	999	0.051051	0.712734	3	0.000000	0.051000	0.041049	
1	0.000000	0.0	0	999	0.042042	0.712734	4	0.000000	0.042000	0.041050	
1	0.000000	0.0	0	999	0.037037	0.712734	5	0.000000	0.037000	0.041045	
6	0.000000	0.0	0	994	0.035211	0.712734	11	0.000000	0.035000	0.041037	
6	0.333333	0.0	0	994	0.033199	0.629651	6	0.333333	0.035000	0.041028	
2	0.500000	1	0.000000	997	0.067202	0.629651	8	0.375000	0.068000	0.041065	
6	0.333333	1	0.000000	993	0.056395	0.629651	14	0.357143	0.058000	0.041088	
11	0.363636	0.0	0	989	0.057634	0.629651	11	0.363636	0.061000	0.041115	
7	0.142857	1	0.000000	992	0.045363	0.629651	7	0.142857	0.046000	0.041121	
3	0.000000	0.0	0	997	0.052156	0.629651	10	0.100000	0.052000	0.041136	
6	0.666667	1	0.000000	993	0.068479	0.465370	6	0.666667	0.072000	0.041177	
2	0.000000	0.0	0	998	0.054108	0.465370	8	0.500000	0.054000	0.041195	
3	0.666667	0.0	0	997	0.049147	0.465370	11	0.545455	0.051000	0.041208	
2	0.000000	0.0	0	998	0.041082	0.711304	2	0.000000	0.041000	0.041207	
1	0.000000	1	0.000000	998	0.051102	0.711304	3	0.000000	0.051000	0.041221	
2	0.500000	0.0	0	998	0.046092	0.711304	5	0.200000	0.047000	0.041228	
5	0.000000	1	0.000000	994	0.052314	0.711304	10	0.100000	0.052000	0.041243	
3	0.333333	0.0	0	997	0.058175	0.414394	3	0.333333	0.059000	0.041266	
5	0.000000	0.0	0	995	0.048241	0.414394	8	0.125000	0.048000	0.041275	
6	0.333333	0.0	0	994	0.038229	0.414394	14	0.214286	0.040000	0.041274	
4	0.250000	0.0	0	996	0.039157	0.414394	4	0.250000	0.040000	0.041272	
5	0.400000	1	0.000000	994	0.047284	0.414394	9	0.333333	0.049000	0.041282	
1	1.000000	0.0	0	999	0.040040	0.414394	10	0.400000	0.041000	0.041282	
1	1.000000	0.0	0	999	0.058058	0.414394	1	1.000000	0.059000	0.041305	
2	0.500000	1	0.000000	997	0.052156	0.414394	3	0.666667	0.053000	0.041321	
5	0.600000	1	0.000000	994	0.043260	0.414394	8	0.625000	0.046000	0.041327	
2	0.500000	0.0	0	998	0.053106	0.414394	10	0.600000	0.054000	0.041343	
2	0.500000	0.0	0	998	0.051102	0.626451	2	0.500000	0.052000	0.041357	
5	0.200000	0.0	0	995	0.051256	0.626451	7	0.285714	0.052000	0.041371	
7	0.285714	0.0	0	993	0.043303	0.626451	14	0.285714	0.045000	0.041376	
3	0.333333	1	0.000000	996	0.042169	0.626451	3	0.333333	0.043000	0.041378	
2	1.000000	0.0	0	998	0.052104	0.626451	5	0.600000	0.054000	0.041395	
1	0.000000	0.0	0	999	0.050050	0.626451	6	0.500000	0.050000	0.041406	
5	0.600000	0.0	0	995	0.047236	0.626451	11	0.545455	0.050000	0.041417	
7	0.142857	0.0	0	993	0.047331	0.909933	7	0.142857	0.048000	0.041426	
4	0.000000	0.0	0	996	0.036145	0.909933	11	0.090909	0.036000	0.041419	
4	0.000000	0.0	0	996	0.034137	0.848316	4	0.000000	0.034000	0.041409	
3	0.666667	0.0	0	997	0.039117	0.848316	7	0.285714	0.041000	0.041409	
4	0.250000	0.0	0	996	0.037149	0.848316	11	0.272727	0.038000	0.041404	
2	0.000000	0.0	0	998	0.040080	0.848316	2	0.000000	0.040000	0.041402	
2	0.500000	0.0	0	998	0.033066	0.848316	4	0.250000	0.034000	0.041393	
0.0	0	0.0	0	1000	0.032000	0.848316	4	0.250000	0.032000	0.041381	
1	0.000000	1	0.000000	998	0.058116	0.848316	5	0.200000	0.058000	0.041402	
4	0.000000	0.0	0	996	0.035141	0.848316	9	0.111111	0.035000	0.041394	
3	0.000000	0.0	0	997	0.061184	0.848316	12	0.083333	0.061000	0.041419	
1	0.000000	0.0	0	999	0.043043	0.651575	1	0.000000	0.043000	0.041421	
5	0.200000	0.0	0	995	0.046231	0.651575	6	0.166667	0.047000	0.041428	
6	0.000000	0.0	0	994	0.043260	0.651575	12	0.083333	0.043000	0.041430	
2	0.000000	0.0	0	998	0.045090	0.512260	2	0.000000	0.045000	0.041435	
3	0.333333	0.0	0	997	0.033099	0.512260	5	0.200000	0.034000	0.041425	
4	0.500000	0.0	0	996	0.050201	0.512260	9	0.333333	0.052000	0.041439	
4	0.000000	0.0	0	996	0.040161	0.512260	13	0.230769	0.040000	0.041437	
6	0.666667	1	0.000000	993	0.048338	0.512260	6	0.666667	0.052000	0.041450	
1	0.000000	0.0	0	999	0.053053	0.512260	7	0.571429	0.053000	0.041465	
5	0.200000	0.0	0	995	0.047236	0.512260	12	0.416667	0.048000	0.041473	
2	0.500000	0.0	0	998	0.071142	0.567305	2	0.500000	0.072000	0.041512	
9	0.444444	1	0.000000	990	0.044444	0.567305	11	0.454545	0.048000	0.041520	
5	0.200000	2	0.000000	993	0.045317	0.644046	5	0.200000	0.046000	0.041526	
6	0.333333	2	0.000000	992	0.059476	0.644046	11	0.272727	0.061000	0.041550	
4	0.250000	0.0	0	996	0.043173	0.644046	4	0.250000	0.044000	0.041554	
6	0.333333	0.0	0	994	0.049296	0.644046	10	0.300000	0.051000	0.041565	
5	0.200000	0.0	0	995	0.044221	0.644046	5	0.200000	0.045000	0.041570	
6	0.666667	0.0	0	994	0.045272	0.644046	11	0.454545	0.049000	0.041579	
2	0.000000	0.0	0	998	0.057114	1.218296	2	0.000000	0.057000	0.041598	
1	1.000000	0.0	0	999	0.049049	1.218296	3	0.333333	0.050000	0.041609	
3	0.333333	0.0	0	997	0.059178	1.218296	6	0.333333	0.060000	0.041632	
1	1.000000	0.0	0	999	0.062062	1.218296	7	0.428571	0.063000	0.041659	
3	0.000000	0.0	0	997	0.042126	1.218296	10	0.300000	0.042000	0.041659	
8	0.125000	1	0.000000	991	0.041372	1.218296	8	0.125000	0.042000	0.041660	
3	0.333333	0.0	0	997	0.052156	1.218296	11	0.181818	0.053000	0.041674	
4	0.000000	0.0	0	996	0.055221	0.841832	4	0.000000	0.055000	0.041690	
4	0.000000	1	0.000000	995	0.061307	0.841832	8	0.000000	0.061000	0.041714	
3	0.333333	1	0.000000	996	0.054217	0.841832	11	0.090909	0.055000	0.041731	
9	0.444444	1	0.000000	990	0.050505	0.538687	9	0.444444	0.054000	0.041746	
7	0.571429	1	0.000000	992	0.046371	0.538687	16	0.500000	0.050000	0.041756	
2	0.000000	0.0	0	998	0.044088	1.057502	2	0.000000	0.044000	0.041759	
5	0.000000	0.0	0	995	0.053266	1.057502	7	0.000000	0.053000	0.041773	
1	0.000000	1	0.000000	998	0.042084	1.057502	8	0.000000	0.042000	0.041773	
3	0.000000	0.0	0	997	0.040120	1.057502	11	0.000000	0.040000	0.041771	
2	0.000000	1	0.000000	997	0.061184	0.620070	2	0.000000	0.061000	0.041795	
0.0	0	0.0	0	1000	0.042000	0.620070	2	0.000000	0.042000	0.041795	
2	0.000000	0.0	0	998	0.061122	0.620070	4	0.000000	0.061000	0.041818	
2	0.000000	0.0	0	998	0.042084	0.620070	6	0.000000	0.042000	0.041819	
3	0.000000	0.0	0	997	0.054162	0.620070	9	0.000000	0.054000	0.041833	
4	0.250000	0.0	0	996	0.038153	0.620070	13	0.076923	0.039000	0.041830	
5	0.800000	0.0	0	995	0.047236	0.348350	5	0.800000	0.051000	0.041841	
2	0.000000	1	0.000000	997	0.052156	0.348350	7	0.571429	0.052000	0.041854	
2	0.500000	1	0.000000	997	0.054162	0.348350	9	0.555556	0.055000	0.041870	
2	0.500000	0.0	0	998	0.056112	0.348350	11	0.545455	0.057000	0.041888	
1	0.000000	0.0	0	999	0.034034	0.583425	1	0.000000	0.034000	0.041878	
4	0.250000	0.0	0	996	0.038153	0.583425	5	0.200000	0.039000	0.041875	
4	0.750000	10	0.000000	986	0.044625	0.583425	9	0.444444	0.047000	0.041881	
4	0.500000	5	0.000000	991	0.039354	0.583425	13	0.461538	0.041000	0.041880	
3	0.000000	2	0.000000	995	0.049246	0.933611	3	0.000000	0.049000	0.041889	
5	0.400000	0.0	0	995	0.051256	0.933611	8	0.250000	0.053000	0.041902	
7	0.142857	0.0	0	993	0.049345	0.933611	15	0.200000	0.050000	0.041912	
4	0.500000	0.0	0	996	0.032129	0.724048	4	0.500000	0.034000	0.041902	
6	0.500000	0.0	0	994	0.047284	0.724048	10	0.500000	0.050000	0.041912	
5	0.000000	3	0.333333	992	0.042339	0.987501	5	0.000000	0.043000	0.041913	
10	0.000000	0.0	0	990	0.036364	0.987501	15	0.000000	0.036000	0.041906	
10	0.000000	0.0	0	990	0.033333	0.913934	10	0.000000	0.033000	0.041896	
6	0.333333	2	0.000000	992	0.036290	0.604987	6	0.333333	0.038000	0.041891	
7	0.428571	0.0	0	993	0.032226	0.604987	13	0.384615	0.035000	0.041883	
1	0.000000	0.0	0	999	0.026026	0.691804	1	0.000000	0.026000	0.041864	
4	0.500000	1	0.000000	995	0.031156	0.691804	5	0.400000	0.033000	0.041853	
1	0.000000	0.0	0	999	0.033033	0.691804	6	0.333333	0.033000	0.041843	
8	0.375000	0.0	0	992	0.033266	0.691804	14	0.357143	0.036000	0.041836	
5	0.200000	0.0	0	995	0.036181	0.689634	5	0.200000	0.037000	0.041830	
2	0.000000	1	0.000000	997	0.027081	0.689634	7	0.142857	0.027000	0.041812	
5	0.600000	0.0	0	995	0.032161	0.689634	12	0.333333	0.035000	0.041804	
5	0.000000	0.0	0	995	0.031156	0.688847	5	0.000000	0.031000	0.041791	
7	0.142857	1	0.000000	992	0.021169	0.688847	12	0.083333	0.022000	0.041768	
13	0.615385	2	0.000000	985	0.026396	0.385186	13	0.615385	0.034000	0.041759	
5	0.600000	1	0.000000	994	0.027163	0.401427	5	0.600000	0.030000	0.041745	
2	0.000000	2	0.000000	996	0.037149	0.401427	7	0.428571	0.037000	0.041739	
5	0.600000	1	0.000000	994	0.034205	0.401427	12	0.500000	0.037000	0.041734	
7	0.428571	0.0	0	993	0.039275	0.509851	7	0.428571	0.042000	0.041734	
3	0.000000	0.0	0	997	0.028084	0.509851	10	0.300000	0.028000	0.041718	
2	0.500000	1	0.000000	997	0.032096	0.671650	2	0.500000	0.033000	0.041708	
2	0.000000	0.0	0	998	0.027054	0.671650	4	0.250000	0.027000	0.041690	
6	0.000000	0.0	0	994	0.037223	0.671650	10	0.100000	0.037000	0.041685	
3	0.333333	1	0.000000	996	0.027108	0.517258	3	0.333333	0.028000	0.041669	
4	0.500000	1	0.000000	995	0.026131	0.517258	7	0.428571	0.028000	0.041653	
3	0.666667	0.0	0	997	0.034102	0.517258	10	0.500000	0.036000	0.041646	
3	0.333333	0.0	0	997	0.032096	0.561158	3	0.333333	0.033000	0.041636	
0.0	0	0.0	0	1000	0.039000	0.561158	3	0.333333	0.039000	0.041633	
6	0.166667	0.0	0	994	0.030181	0.561158	9	0.222222	0.031000	0.041621	
2	0.500000	0.0	0	998	0.026052	0.561158	11	0.272727	0.027000	0.041604	
1	0.000000	0.0	0	999	0.015015	0.667359	1	0.000000	0.015000	0.041573	
6	0.166667	0.0	0	994	0.027163	0.667359	7	0.142857	0.028000	0.041557	
6	0.333333	0.0	0	994	0.024145	0.667359	13	0.230769	0.026000	0.041539	
7	0.142857	0.0	0	993	0.022155	0.667193	7	0.142857	0.023000	0.041518	
5	0.200000	2	0.000000	993	0.023162	0.667193	12	0.166667	0.024000	0.041498	
8	0.125000	0.0	0	992	0.031250	0.344724	8	0.125000	0.032000	0.041487	
4	0.000000	0.0	0	996	0.030120	0.344724	12	0.083333	0.030000	0.041473	
8	0.500000	18	0.000000	974	0.032854	0.266482	8	0.500000	0.036000	0.041467	
2	0.500000	1	0.000000	997	0.024072	0.266482	10	0.500000	0.025000	0.041448	
5	0.200000	0.0	0	995	0.015075	0.322431	5	0.200000	0.016000	0.041419	
7	0.571429	3	0.333333	990	0.024242	0.322431	12	0.416667	0.029000	0.041405	
1	0.000000	0.0	0	999	0.032032	0.591445	1	0.000000	0.032000	0.041394	
1	0.000000	0.0	0	999	0.028028	0.591445	2	0.000000	0.028000	0.041379	
2	0.000000	0.0	0	998	0.028056	0.591445	4	0.000000	0.028000	0.041363	
1	0.000000	0.0	0	999	0.026026	0.591445	5	0.000000	0.026000	0.041346	
7	0.428571	0.0	0	993	0.026183	0.591445	12	0.250000	0.029000	0.041332	
5	0.000000	0.0	0	995	0.018090	0.655917	5	0.000000	0.018000	0.041305	
5	0.400000	0.0	0	995	0.023116	0.655917	10	0.200000	0.025000	0.041287	
4	0.250000	0.0	0	996	0.035141	0.655862	4	0.250000	0.036000	0.041281	
0.0	0	0.0	0	1000	0.033000	0.655862	4	0.250000	0.033000	0.041271	
1	0.000000	0.0	0	999	0.036036	0.655862	5	0.200000	0.036000	0.041265	
5	0.400000	0.0	0	995	0.033166	0.655862	10	0.300000	0.035000	0.041258	
0.0	0	0.0	0	1000	0.042000	0.656456	0	0.000000	0.042000	0.041259	
4	0.000000	0.0	0	996	0.024096	0.656456	4	0.000000	0.024000	0.041240	
2	0.000000	0.0	0	998	0.035070	0.656456	6	0.000000	0.035000	0.041232	
2	0.500000	0.0	0	998	0.020040	0.656456	8	0.125000	0.021000	0.041210	
5	0.200000	0.0	0	995	0.023116	0.656456	13	0.153846	0.024000	0.041190	
1	1.000000	0.0	0	999	0.023023	0.343928	1	1.000000	0.024000	0.041171	
1	1.000000	0.0	0	999	0.024024	0.343928	2	1.000000	0.025000	0.041153	
4	0.750000	5	0.200000	991	0.028254	0.343928	6	0.833333	0.032000	0.041142	
7	0.714286	0.0	0	993	0.048338	0.343928	13	0.769231	0.053000	0.041156	
5	0.000000	1	0.000000	994	0.034205	0.542096	5	0.000000	0.034000	0.041148	
4	0.750000	0.0	0	996	0.025100	0.542096	9	0.333333	0.028000	0.041133	
3	0.666667	0.0	0	997	0.049147	0.542096	12	0.416667	0.051000	0.041144	
0.0	0	0.0	0	1000	0.030000	0.679512	0	0.000000	0.030000	0.041132	
1	0.000000	0.0	0	999	0.030030	0.679512	1	0.000000	0.030000	0.041119	
1	0.000000	0.0	0	999	0.029029	0.679512	2	0.000000	0.029000	0.041106	
1	0.000000	0.0	0	999	0.036036	0.679512	3	0.000000	0.036000	0.041100	
4	0.000000	0.0	0	996	0.039157	0.679512	7	0.000000	0.039000	0.041098	
5	0.000000	0.0	0	995	0.037186	0.679512	12	0.000000	0.037000	0.041093	
0.0	0	0.0	0	1000	0.045000	0.627157	0	0.000000	0.045000	0.041098	
0.0	0	0.0	0	1000	0.039000	0.627157	0	0.000000	0.039000	0.041095	
2	0.000000	0.0	0	998	0.048096	0.627157	2	0.000000	0.048000	0.041103	
1	0.000000	0.0	0	999	0.039039	0.627157	3	0.000000	0.039000	0.041101	
1	1.000000	0.0	0	999	0.030030	0.627157	4	0.250000	0.031000	0.041089	
0.0	0	0.0	0	1000	0.023000	0.627157	4	0.250000	0.023000	0.041069	
3	0.333333	1	0.000000	996	0.022088	0.627157	7	0.285714	0.023000	0.041050	
2	0.000000	1	0.000000	997	0.046138	0.627157	9	0.222222	0.046000	0.041055	
2	0.000000	0.0	0	998	0.044088	0.627157	11	0.181818	0.044000	0.041058	
0.0	0	0.0	0	1000	0.029000	0.367655	0	0.000000	0.029000	0.041045	
0.0	0	0.0	0	1000	0.035000	0.367655	0	0.000000	0.035000	0.041038	
1	0.000000	0.0	0	999	0.028028	0.367655	1	0.000000	0.028000	0.041024	
3	1.000000	0.0	0	997	0.047141	0.367655	4	0.750000	0.050000	0.041034	
2	0.500000	0.0	0	998	0.029058	0.367655	6	0.666667	0.030000	0.041022	
7	0.571429	0.0	0	993	0.029204	0.367655	13	0.615385	0.033000	0.041013	
1	1.000000	0.0	0	999	0.022022	0.438127	1	1.000000	0.023000	0.040993	
5	0.600000	0.0	0	995	0.023116	0.438127	6	0.666667	0.026000	0.040977	
6	0.333333	0.0	0	994	0.028169	0.438127	12	0.500000	0.030000	0.040965	
3	0.000000	0.0	0	997	0.028084	0.819034	3	0.000000	0.028000	0.040951	
3	0.000000	0.0	0	997	0.015045	0.819034	6	0.000000	0.015000	0.040923	
6	0.500000	0.0	0	994	0.025151	0.819034	12	0.250000	0.028000	0.040909	
5	0.600000	0.0	0	995	0.049246	0.641017	5	0.600000	0.052000	0.040921	
1	0.000000	0.0	0	999	0.043043	0.641017	6	0.500000	0.043000	0.040923	
8	0.125000	0.0	0	992	0.033266	0.641017	14	0.285714	0.034000	0.040916	
1	1.000000	0.0	0	999	0.028028	0.639726	1	1.000000	0.029000	0.040903	
5	0.400000	0.0	0	995	0.018090	0.639726	6	0.500000	0.020000	0.040880	
1	1.000000	0.0	0	999	0.042042	0.639726	7	0.571429	0.043000	0.040882	
4	0.000000	2	0.000000	994	0.060362	0.639726	11	0.363636	0.060000	0.040903	
8	0.375000	2	0.000000	990	0.048485	0.639852	8	0.375000	0.051000	0.040914	
11	0.090909	0.0	0	989	0.052578	0.639852	19	0.210526	0.053000	0.040927	
7	0.428571	2	0.000000	991	0.038345	0.639339	7	0.428571	0.041000	0.040927	
6	0.166667	0.0	0	994	0.039235	0.639339	13	0.307692	0.040000	0.040926	
5	0.000000	0.0	0	995	0.050251	0.638536	5	0.000000	0.050000	0.040936	
4	0.250000	0.0	0	996	0.041165	0.638536	9	0.111111	0.042000	0.040937	
6	0.500000	0.0	0	994	0.061368	0.638536	15	0.266667	0.064000	0.040961	
4	0.250000	0.0	0	996	0.052209	0.639208	4	0.250000	0.053000	0.040974	
6	0.500000	1	0.000000	993	0.034240	0.639208	10	0.400000	0.037000	0.040970	
4	0.500000	1	0.000000	995	0.040201	0.638839	4	0.500000	0.042000	0.040971	
5	0.200000	0.0	0	995	0.035176	0.638839	9	0.333333	0.036000	0.040966	
11	0.181818	0.0	0	989	0.036400	0.638839	20	0.250000	0.038000	0.040963	
3	0.000000	0.0	0	997	0.039117	0.638411	3	0.000000	0.039000	0.040961	
9	0.000000	2	0.000000	989	0.046512	0.638411	12	0.000000	0.046000	0.040966	
7	0.571429	2	0.000000	991	0.054490	0.505904	7	0.571429	0.058000	0.040984	
8	0.250000	0.0	0	992	0.031250	0.505904	15	0.400000	0.033000	0.040976	
11	0.090909	2	0.000000	987	0.041540	0.635642	11	0.090909	0.042000	0.040977	
3	0.666667	0.0	0	997	0.040120	0.430932	3	0.666667	0.042000	0.040978	
2	0.000000	0.0	0	998	0.043086	0.430932	5	0.400000	0.043000	0.040980	
5	0.600000	1	0.000000	994	0.037223	0.430932	10	0.500000	0.040000	0.040979	
4	0.000000	1	0.000000	995	0.041206	0.847859	4	0.000000	0.041000	0.040979	
4	0.250000	0.0	0	996	0.052209	0.847859	8	0.125000	0.053000	0.040992	
5	0.000000	0.0	0	995	0.056281	0.847859	13	0.076923	0.056000	0.041007	
6	0.166667	0.0	0	994	0.033199	0.794806	6	0.166667	0.034000	0.041000	
3	0.333333	3	0.000000	994	0.041247	0.794806	9	0.222222	0.042000	0.041001	
5	0.000000	1	0.000000	994	0.036217	0.794806	14	0.142857	0.036000	0.040996	
2	0.000000	0.0	0	998	0.026052	0.505596	2	0.000000	0.026000	0.040980	
3	0.000000	0.0	0	997	0.042126	0.505596	5	0.000000	0.042000	0.040981	
0.0	0	0.0	0	1000	0.039000	0.505596	5	0.000000	0.039000	0.040979	
6	0.000000	0.0	0	994	0.048290	0.505596	11	0.000000	0.048000	0.040986	
5	0.200000	0.0	0	995	0.039196	0.454989	5	0.200000	0.040000	0.040985	
5	0.200000	0.0	0	995	0.021106	0.454989	10	0.200000	0.022000	0.040966	
2	1.000000	0.0	0	998	0.033066	0.628476	2	1.000000	0.035000	0.040959	
4	0.000000	0.0	0	996	0.049197	0.628476	6	0.333333	0.049000	0.040968	
2	0.500000	0.0	0	998	0.042084	0.628476	8	0.375000	0.043000	0.040970	
3	0.666667	0.0	0	997	0.045135	0.628476	11	0.454545	0.047000	0.040976	
7	0.142857	0.0	0	993	0.058409	1.133266	7	0.142857	0.059000	0.040995	
4	0.000000	0.0	0	996	0.040161	1.133266	11	0.090909	0.040000	0.040994	
5	0.200000	1	0.000000	994	0.059356	0.999844	5	0.200000	0.060000	0.041013	
3	0.333333	0.0	0	997	0.045135	0.999844	8	0.250000	0.046000	0.041019	
1	0.000000	2	0.000000	997	0.033099	0.999844	9	0.222222	0.033000	0.041010	
3	0.000000	0.0	0	997	0.037111	0.999844	12	0.166667	0.037000	0.041006	
8	0.375000	0.0	0	992	0.033266	0.703021	8	0.375000	0.036000	0.041001	
6	0.500000	0.0	0	994	0.023139	0.703021	14	0.428571	0.026000	0.040986	
7	0.142857	2	0.000000	991	0.031282	0.751741	7	0.142857	0.032000	0.040976	
6	0.333333	0.0	0	994	0.052314	0.751741	13	0.230769	0.054000	0.040990	
6	0.333333	1	0.000000	993	0.027190	0.635543	6	0.333333	0.029000	0.040977	
4	0.250000	0.0	0	996	0.031124	0.635543	10	0.300000	0.032000	0.040968	
1	0.000000	0.0	0	999	0.022022	0.635250	1	0.000000	0.022000	0.040949	
1	0.000000	0.0	0	999	0.025025	0.635250	2	0.000000	0.025000	0.040933	
6	0.500000	0.0	0	994	0.036217	0.635250	8	0.375000	0.039000	0.040931	
7	0.428571	1	0.000000	992	0.030242	0.635250	15	0.400000	0.033000	0.040922	
5	0.200000	0.0	0	995	0.050251	0.636976	5	0.200000	0.051000	0.040933	
7	0.571429	1	0.000000	992	0.048387	0.636976	12	0.416667	0.052000	0.040944	
4	0.000000	0.0	0	996	0.041165	1.251488	4	0.000000	0.041000	0.040944	
11	0.000000	0.0	0	989	0.038423	1.251488	15	0.000000	0.038000	0.040941	
8	0.125000	0.0	0	992	0.053427	0.877550	8	0.125000	0.054000	0.040954	
9	0.222222	1	0.000000	990	0.044444	0.877550	17	0.176471	0.046000	0.040959	
12	0.333333	0.0	0	988	0.038462	0.705215	12	0.333333	0.042000	0.040960	
6	0.000000	0.0	0	994	0.052314	0.640260	6	0.000000	0.052000	0.040972	
9	0.111111	1	0.000000	990	0.050505	0.640260	15	0.066667	0.051000	0.040982	
10	0.100000	1	0.000000	989	0.042467	0.548908	10	0.100000	0.043000	0.040984	
5	0.800000	0.0	0	995	0.045226	0.498218	5	0.800000	0.049000	0.040992	
5	0.000000	0.0	0	995	0.051256	0.498218	10	0.400000	0.051000	0.041002	
4	0.000000	0.0	0	996	0.043173	0.634077	4	0.000000	0.043000	0.041004	
3	0.000000	0.0	0	997	0.033099	0.634077	7	0.000000	0.033000	0.040996	
5	0.400000	2	0.000000	993	0.043303	0.634077	12	0.166667	0.045000	0.041000	
9	0.333333	0.0	0	991	0.051463	0.403768	9	0.333333	0.054000	0.041013	
3	0.666667	0.0	0	997	0.050150	0.403768	12	0.416667	0.052000	0.041024	
5	0.600000	1	0.000000	994	0.048290	0.467021	5	0.600000	0.051000	0.041034	
8	0.250000	2	0.000000	990	0.057576	0.467021	13	0.384615	0.059000	0.041052	
