Rate	71.43
Rev Jump	14.29
Prior Change	14.29
Rate Tried	% Accepted	Rev Jump Tried	% Accepted	Prior Change Tried	% Accepted	Rates - Dev	Rates - Tried	Rates - Accepted	Sample Ave Acceptance	Total Ave Acceptance	
541	0.247689	91	0.032967	368	0.980978	0.643063	541	0.247689	0.498000	0.375602	
721	0.345354	76	0.052632	203	0.980296	0.643063	721	0.345354	0.452000	0.381968	
726	0.344353	115	0.078261	159	0.981132	0.643063	726	0.344353	0.415000	0.384509	
714	0.278711	111	0.045045	175	0.971429	0.643063	714	0.278711	0.374000	0.383758	
719	0.294854	121	0.057851	160	0.962500	0.643063	719	0.294854	0.373000	0.383041	
704	0.303977	101	0.009901	195	0.984615	0.643063	704	0.303977	0.407000	0.384538	
675	0.284444	117	0.034188	208	0.975962	0.643063	675	0.284444	0.399000	0.385389	
687	0.279476	109	0.036697	204	0.975490	0.643063	687	0.279476	0.395000	0.385923	
673	0.326895	128	0.054688	199	0.964824	0.643063	673	0.326895	0.419000	0.387664	
678	0.311209	121	0.066116	201	0.905473	0.643063	678	0.311209	0.401000	0.388331	
698	0.292264	93	0.032258	209	0.966507	0.643063	698	0.292264	0.409000	0.389315	
716	0.331006	104	0.076923	180	0.955556	0.643063	716	0.331006	0.417000	0.390573	
674	0.356083	103	0.038835	223	0.982063	0.643063	674	0.356083	0.463000	0.393722	
706	0.325779	97	0.010309	197	0.959391	0.643063	706	0.325779	0.420000	0.394817	
723	0.333333	101	0.069307	176	0.954545	0.643063	723	0.333333	0.416000	0.395664	
679	0.343152	108	0.055556	213	0.976526	0.643063	679	0.343152	0.447000	0.397639	
770	0.320779	80	0.025000	150	1.000000	0.643063	770	0.320779	0.399000	0.397689	
740	0.245946	93	0.053763	167	0.982036	0.643063	740	0.245946	0.351000	0.396022	
687	0.330422	113	0.044248	200	0.955000	0.643063	687	0.330422	0.423000	0.396952	
757	0.335535	78	0.076923	165	0.963636	0.643063	757	0.335535	0.419000	0.397687	
755	0.386755	88	0.034091	157	0.961783	0.643063	755	0.386755	0.446000	0.399245	
733	0.351978	101	0.039604	166	0.927711	0.643063	733	0.351978	0.416000	0.399769	
723	0.311203	106	0.075472	171	0.953216	0.643063	723	0.311203	0.396000	0.399655	
706	0.267705	120	0.066667	174	0.850575	0.643063	706	0.267705	0.345000	0.398047	
695	0.300719	120	0.025000	185	0.908108	0.643063	695	0.300719	0.380000	0.397531	
627	0.251994	106	0.037736	267	0.898876	0.643063	627	0.251994	0.402000	0.397656	
711	0.299578	86	0.023256	203	0.940887	0.643063	711	0.299578	0.406000	0.397881	
727	0.290234	107	0.037383	166	0.945783	0.643063	727	0.290234	0.372000	0.397200	
744	0.288978	93	0.021505	163	0.852761	0.643063	744	0.288978	0.356000	0.396144	
702	0.289174	110	0.009091	188	0.877660	0.643063	702	0.289174	0.369000	0.395465	
723	0.300138	121	0.057851	156	0.871795	0.643063	723	0.300138	0.360000	0.394600	
752	0.313830	106	0.028302	142	0.859155	0.643063	752	0.313830	0.361000	0.393800	
744	0.268817	107	0.074766	149	0.852349	0.643063	744	0.268817	0.335000	0.392433	
712	0.282303	122	0.073770	166	0.951807	0.643063	712	0.282303	0.368000	0.391877	
727	0.257221	124	0.024194	149	0.906040	0.643063	727	0.257221	0.325000	0.390391	
680	0.266176	106	0.037736	214	0.939252	0.643063	680	0.266176	0.386000	0.390296	
743	0.248991	123	0.032520	134	0.910448	0.643063	743	0.248991	0.311000	0.388609	
729	0.325103	92	0.065217	179	0.826816	0.643063	729	0.325103	0.391000	0.388659	
717	0.255230	87	0.103448	196	0.882653	0.643063	717	0.255230	0.365000	0.388176	
686	0.236152	128	0.062500	186	0.930108	0.643063	686	0.236152	0.343000	0.387272	
706	0.257790	106	0.028302	188	0.914894	0.643063	706	0.257790	0.357000	0.386679	
708	0.292373	119	0.033613	173	0.832370	0.643063	708	0.292373	0.355000	0.386069	
728	0.322802	120	0.066667	152	0.940789	0.643063	728	0.322802	0.386000	0.386068	
716	0.300279	112	0.017857	172	0.953488	0.643063	716	0.300279	0.381000	0.385974	
730	0.293151	121	0.033058	149	0.906040	0.643063	730	0.293151	0.353000	0.385375	
749	0.272363	121	0.049587	130	0.915385	0.643063	749	0.272363	0.329000	0.384368	
649	0.294299	100	0.070000	251	0.908367	0.643063	649	0.294299	0.426000	0.385099	
728	0.307692	112	0.062500	160	0.931250	0.643063	728	0.307692	0.380000	0.385011	
747	0.326640	114	0.070175	139	0.913669	0.643063	747	0.326640	0.379000	0.384909	
727	0.335626	99	0.141414	174	0.839080	0.643063	727	0.335626	0.404000	0.385227	
736	0.258152	93	0.129032	171	0.836257	0.643063	736	0.258152	0.345000	0.384567	
766	0.268930	76	0.105263	158	0.854430	0.643063	766	0.268930	0.349000	0.383994	
774	0.342377	53	0.075472	173	0.878613	0.643063	774	0.342377	0.421000	0.384581	
802	0.336658	59	0.118644	139	0.877698	0.643063	802	0.336658	0.399000	0.384806	
746	0.309651	90	0.066667	164	0.871951	0.643063	746	0.309651	0.380000	0.384733	
730	0.309589	115	0.026087	155	0.922581	0.643063	730	0.309589	0.372000	0.384540	
716	0.332402	108	0.138889	176	0.903409	0.643063	716	0.332402	0.412000	0.384949	
743	0.333782	112	0.053571	145	0.875862	0.643063	743	0.333782	0.381000	0.384891	
637	0.252747	105	0.038095	258	0.914729	0.643063	637	0.252747	0.401000	0.385125	
700	0.277143	118	0.050847	182	0.906593	0.643063	700	0.277143	0.365000	0.384837	
681	0.314244	120	0.091667	199	0.854271	0.643063	681	0.314244	0.395000	0.384980	
702	0.320513	61	0.098361	237	0.856540	0.643063	702	0.320513	0.434000	0.385661	
728	0.361264	90	0.066667	182	0.868132	0.643063	728	0.361264	0.427000	0.386228	
681	0.333333	67	0.059701	252	0.809524	0.643063	681	0.333333	0.435000	0.386887	
693	0.304473	108	0.074074	199	0.919598	0.643063	693	0.304473	0.402000	0.387088	
611	0.328969	116	0.043103	273	0.827839	0.643063	611	0.328969	0.432000	0.387679	
716	0.297486	111	0.117117	173	0.878613	0.643063	716	0.297486	0.378000	0.387553	
727	0.253095	126	0.079365	147	0.877551	0.643063	727	0.253095	0.323000	0.386726	
733	0.312415	112	0.125000	155	0.922581	0.643063	733	0.312415	0.386000	0.386717	
724	0.298343	116	0.025862	160	0.968750	0.643063	724	0.298343	0.374000	0.386558	
672	0.303571	121	0.049587	207	0.845411	0.643063	672	0.303571	0.385000	0.386538	
692	0.277457	112	0.044643	196	0.913265	0.643063	692	0.277457	0.376000	0.386410	
723	0.316736	116	0.068966	161	0.937888	0.643063	723	0.316736	0.388000	0.386429	
686	0.309038	126	0.039683	188	0.920213	0.643063	686	0.309038	0.390000	0.386472	
725	0.300690	115	0.008696	160	0.887500	0.643063	725	0.300690	0.361000	0.386172	
758	0.281003	114	0.026316	128	0.921875	0.643063	758	0.281003	0.334000	0.385565	
729	0.323731	109	0.036697	162	0.956790	0.643063	729	0.323731	0.395000	0.385674	
746	0.296247	96	0.041667	158	0.917722	0.643063	746	0.296247	0.370000	0.385496	
709	0.304654	112	0.071429	179	0.843575	0.643063	709	0.304654	0.375000	0.385378	
685	0.324088	130	0.015385	185	0.935135	0.643063	685	0.324088	0.397000	0.385507	
719	0.272601	125	0.008000	156	0.980769	0.643063	719	0.272601	0.350000	0.385117	
723	0.300138	120	0.025000	157	0.929936	0.643063	723	0.300138	0.366000	0.384909	
700	0.290000	87	0.103448	213	0.948357	0.643063	700	0.290000	0.414000	0.385222	
741	0.307692	110	0.090909	149	0.939597	0.643063	741	0.307692	0.378000	0.385145	
731	0.362517	96	0.093750	173	0.930636	0.643063	731	0.362517	0.435000	0.385670	
706	0.330028	113	0.079646	181	0.895028	0.643063	706	0.330028	0.404000	0.385861	
696	0.293103	114	0.061404	190	0.868421	0.643063	696	0.293103	0.376000	0.385759	
734	0.295640	105	0.019048	161	0.925466	0.643063	734	0.295640	0.368000	0.385578	
730	0.328767	92	0.032609	178	0.831461	0.643063	730	0.328767	0.391000	0.385632	
711	0.362869	67	0.044776	222	0.860360	0.643063	711	0.362869	0.452000	0.386296	
612	0.331699	94	0.085106	294	0.880952	0.643063	612	0.331699	0.470000	0.387125	
659	0.291351	110	0.027273	231	0.904762	0.643063	659	0.291351	0.404000	0.387290	
714	0.347339	105	0.047619	181	0.861878	0.643063	714	0.347339	0.409000	0.387501	
673	0.353640	99	0.020202	228	0.956140	0.643063	673	0.353640	0.458000	0.388179	
725	0.343448	78	0.089744	197	0.913706	0.643063	725	0.343448	0.436000	0.388634	
759	0.313570	100	0.040000	141	0.900709	0.643063	759	0.313570	0.369000	0.388449	
716	0.300279	92	0.119565	192	0.802083	0.643063	716	0.300279	0.380000	0.388370	
660	0.309091	92	0.163043	248	0.770161	0.643063	660	0.309091	0.410000	0.388570	
734	0.348774	112	0.071429	154	0.818182	0.643063	734	0.348774	0.390000	0.388584	
744	0.338710	83	0.096386	173	0.843931	0.643063	744	0.338710	0.406000	0.388742	
708	0.368644	95	0.052632	197	0.802030	0.643063	708	0.368644	0.424000	0.389060	
716	0.333799	114	0.087719	170	0.929412	0.643063	716	0.333799	0.407000	0.389220	
749	0.344459	105	0.114286	146	0.869863	0.643063	749	0.344459	0.397000	0.389289	
651	0.354839	76	0.092105	273	0.886447	0.643063	651	0.354839	0.480000	0.390084	
753	0.354582	78	0.153846	169	0.828402	0.643063	753	0.354582	0.419000	0.390336	
691	0.318379	119	0.084034	190	0.873684	0.643063	691	0.318379	0.396000	0.390385	
708	0.293785	128	0.070312	164	0.847561	0.643063	708	0.293785	0.356000	0.390091	
749	0.345794	97	0.041237	154	0.857143	0.643063	749	0.345794	0.395000	0.390132	
708	0.319209	122	0.057377	170	0.764706	0.643063	708	0.319209	0.363000	0.389904	
714	0.285714	111	0.027027	175	0.891429	0.643063	714	0.285714	0.363000	0.389680	
639	0.251956	132	0.022727	229	0.829694	0.643063	639	0.251956	0.354000	0.389385	
737	0.289009	108	0.055556	155	0.922581	0.643063	737	0.289009	0.362000	0.389161	
709	0.279267	100	0.050000	191	0.921466	0.643063	709	0.279267	0.379000	0.389078	
661	0.293495	121	0.033058	218	0.954128	0.643063	661	0.293495	0.406000	0.389215	
694	0.279539	125	0.032000	181	0.922652	0.643063	694	0.279539	0.365000	0.389021	
722	0.303324	124	0.016129	154	0.967532	0.643063	722	0.303324	0.370000	0.388870	
685	0.290511	114	0.052632	201	0.945274	0.643063	685	0.290511	0.395000	0.388918	
717	0.305439	111	0.045045	172	0.941860	0.643063	717	0.305439	0.386000	0.388895	
711	0.265823	82	0.121951	207	0.942029	0.643063	711	0.265823	0.394000	0.388935	
698	0.315186	124	0.048387	178	0.966292	0.643063	698	0.315186	0.398000	0.389005	
710	0.297183	109	0.064220	181	0.906077	0.643063	710	0.297183	0.382000	0.388951	
734	0.272480	102	0.049020	164	0.920732	0.643063	734	0.272480	0.356000	0.388702	
686	0.298834	102	0.049020	212	0.853774	0.643063	686	0.298834	0.391000	0.388719	
690	0.284058	129	0.031008	181	0.883978	0.643063	690	0.284058	0.360000	0.388505	
693	0.271284	113	0.070796	194	0.871134	0.643063	693	0.271284	0.365000	0.388330	
684	0.301170	135	0.037037	181	0.878453	0.643063	684	0.301170	0.370000	0.388196	
719	0.310153	103	0.077670	178	0.932584	0.643063	719	0.310153	0.397000	0.388260	
738	0.257453	114	0.035088	148	0.831081	0.643063	738	0.257453	0.317000	0.387744	
731	0.325581	115	0.026087	154	0.857143	0.643063	731	0.325581	0.373000	0.387637	
694	0.321326	95	0.042105	211	0.862559	0.643063	694	0.321326	0.409000	0.387790	
735	0.278912	101	0.019802	164	0.939024	0.643063	735	0.278912	0.361000	0.387600	
759	0.280632	84	0.023810	157	0.917197	0.643063	759	0.280632	0.359000	0.387399	
746	0.304290	89	0.067416	165	0.921212	0.643063	746	0.304290	0.385000	0.387382	
720	0.261111	98	0.061224	182	0.912088	0.643063	720	0.261111	0.360000	0.387192	
729	0.296296	102	0.019608	169	0.911243	0.643063	729	0.296296	0.372000	0.387087	
723	0.272476	118	0.025424	159	0.893082	0.643063	723	0.272476	0.342000	0.386778	
746	0.270777	82	0.036585	172	0.924419	0.643063	746	0.270777	0.364000	0.386623	
731	0.284542	102	0.049020	167	0.946108	0.643063	731	0.284542	0.371000	0.386518	
729	0.279835	121	0.057851	150	0.900000	0.643063	729	0.279835	0.346000	0.386246	
732	0.267760	133	0.015038	135	0.911111	0.643063	732	0.267760	0.321000	0.385811	
720	0.258333	100	0.070000	180	0.944444	0.643063	720	0.258333	0.363000	0.385660	
700	0.318571	107	0.121495	193	0.963731	0.643063	700	0.318571	0.422000	0.385899	
607	0.298188	96	0.083333	297	0.848485	0.643063	607	0.298188	0.441000	0.386259	
701	0.368046	101	0.019802	198	0.954545	0.643063	701	0.368046	0.449000	0.386666	
640	0.340625	99	0.040404	261	0.892720	0.643063	640	0.340625	0.455000	0.387107	
721	0.289875	99	0.030303	180	0.833333	0.643063	721	0.289875	0.362000	0.386946	
727	0.302613	114	0.017544	159	0.855346	0.643063	727	0.302613	0.358000	0.386762	
681	0.284875	130	0.007692	189	0.904762	0.643063	681	0.284875	0.366000	0.386630	
603	0.255390	124	0.048387	273	0.875458	0.643063	603	0.255390	0.399000	0.386708	
738	0.353659	100	0.020000	162	0.833333	0.643063	738	0.353659	0.398000	0.386779	
673	0.298663	132	0.030303	195	0.825641	0.643063	673	0.298663	0.366000	0.386650	
726	0.294766	126	0.007937	148	0.905405	0.643063	726	0.294766	0.349000	0.386417	
726	0.307163	105	0.019048	169	0.923077	0.643063	726	0.307163	0.381000	0.386384	
714	0.294118	104	0.048077	182	0.961538	0.643063	714	0.294118	0.390000	0.386406	
721	0.320388	90	0.044444	189	0.925926	0.643063	721	0.320388	0.410000	0.386549	
764	0.331152	105	0.076190	131	0.854962	0.643063	764	0.331152	0.373000	0.386468	
716	0.296089	124	0.064516	160	0.875000	0.643063	716	0.296089	0.360000	0.386309	
751	0.288948	108	0.027778	141	0.829787	0.643063	751	0.288948	0.337000	0.386016	
714	0.277311	113	0.053097	173	0.832370	0.643063	714	0.277311	0.348000	0.385791	
696	0.272989	63	0.031746	241	0.842324	0.643063	696	0.272989	0.395000	0.385845	
696	0.287356	72	0.013889	232	0.862069	0.643063	696	0.287356	0.401000	0.385933	
757	0.321004	90	0.022222	153	0.830065	0.643063	757	0.321004	0.372000	0.385852	
759	0.306983	103	0.038835	138	0.840580	0.643063	759	0.306983	0.353000	0.385663	
732	0.336066	116	0.025862	152	0.868421	0.643063	732	0.336066	0.381000	0.385636	
685	0.303650	89	0.022472	226	0.977876	0.643063	685	0.303650	0.431000	0.385895	
701	0.302425	112	0.017857	187	0.893048	0.643063	701	0.302425	0.381000	0.385867	
721	0.259362	116	0.043103	163	0.877301	0.643063	721	0.259362	0.335000	0.385580	
749	0.303071	120	0.008333	131	0.961832	0.643063	749	0.303071	0.354000	0.385402	
754	0.312997	96	0.031250	150	0.940000	0.643063	754	0.312997	0.380000	0.385372	
749	0.277704	106	0.047170	145	0.910345	0.643063	749	0.277704	0.345000	0.385148	
736	0.316576	101	0.029703	163	0.773006	0.643063	736	0.316576	0.362000	0.385020	
705	0.341844	117	0.034188	178	0.870787	0.643063	705	0.341844	0.400000	0.385102	
677	0.323486	114	0.061404	209	0.933014	0.643063	677	0.323486	0.421000	0.385298	
705	0.314894	123	0.016260	172	0.947674	0.643063	705	0.314894	0.387000	0.385308	
734	0.311989	73	0.068493	193	0.901554	0.643063	734	0.311989	0.408000	0.385430	
676	0.279586	111	0.054054	213	0.882629	0.643063	676	0.279586	0.383000	0.385417	
736	0.320652	117	0.034188	147	0.857143	0.643063	736	0.320652	0.366000	0.385313	
679	0.288660	94	0.010638	227	0.832599	0.643063	679	0.288660	0.386000	0.385317	
627	0.280702	65	0.076923	308	0.883117	0.643063	627	0.280702	0.453000	0.385675	
705	0.319149	98	0.051020	197	0.878173	0.643063	705	0.319149	0.403000	0.385766	
711	0.305204	116	0.017241	173	0.872832	0.643063	711	0.305204	0.370000	0.385684	
731	0.310534	108	0.018519	161	0.850932	0.643063	731	0.310534	0.366000	0.385581	
732	0.299180	102	0.029412	166	0.885542	0.643063	732	0.299180	0.369000	0.385495	
712	0.301966	124	0.016129	164	0.914634	0.643063	712	0.301966	0.367000	0.385400	
734	0.275204	116	0.025862	150	0.840000	0.643063	734	0.275204	0.331000	0.385121	
632	0.289557	134	0.067164	234	0.888889	0.643063	632	0.289557	0.400000	0.385197	
648	0.280864	135	0.029630	217	0.976959	0.643063	648	0.280864	0.398000	0.385262	
740	0.304054	77	0.051948	183	0.967213	0.643063	740	0.304054	0.406000	0.385367	
773	0.304010	75	0.066667	152	0.940789	0.643063	773	0.304010	0.383000	0.385355	
687	0.257642	80	0.012500	233	0.905579	0.643063	687	0.257642	0.389000	0.385373	
671	0.296572	80	0.050000	249	0.927711	0.643063	671	0.296572	0.434000	0.385615	
737	0.261872	121	0.016529	142	0.873239	0.643063	737	0.261872	0.319000	0.385285	
730	0.287671	121	0.008264	149	0.932886	0.643063	730	0.287671	0.350000	0.385111	
737	0.252374	124	0.008065	139	0.942446	0.643063	737	0.252374	0.318000	0.384782	
730	0.308219	111	0.063063	159	0.886792	0.643063	730	0.308219	0.373000	0.384725	
744	0.309140	115	0.078261	141	0.900709	0.643063	744	0.309140	0.366000	0.384634	
758	0.323219	93	0.064516	149	0.805369	0.643063	758	0.323219	0.371000	0.384568	
701	0.310984	123	0.016260	176	0.875000	0.643063	701	0.310984	0.374000	0.384517	
697	0.292683	118	0.033898	185	0.924324	0.643063	697	0.292683	0.379000	0.384491	
734	0.307902	129	0.038760	137	0.897810	0.643063	734	0.307902	0.354000	0.384346	
691	0.303907	119	0.033613	190	0.852632	0.643063	691	0.303907	0.376000	0.384306	
720	0.281944	119	0.025210	161	0.850932	0.643063	720	0.281944	0.343000	0.384111	
687	0.294032	125	0.000000	188	0.813830	0.643063	687	0.294032	0.355000	0.383975	
716	0.315642	102	0.019608	182	0.912088	0.643063	716	0.315642	0.394000	0.384022	
726	0.298898	117	0.034188	157	0.898089	0.643063	726	0.298898	0.362000	0.383919	
739	0.300406	116	0.060345	145	0.917241	0.643063	739	0.300406	0.362000	0.383818	
711	0.306610	139	0.014388	150	0.873333	0.643063	711	0.306610	0.351000	0.383666	
723	0.355463	118	0.008475	159	0.874214	0.643063	723	0.355463	0.397000	0.383728	
720	0.300000	114	0.061404	166	0.879518	0.643063	720	0.300000	0.369000	0.383660	
729	0.305898	112	0.053571	159	0.955975	0.643063	729	0.305898	0.381000	0.383648	
739	0.374831	104	0.009615	157	0.859873	0.643063	739	0.374831	0.413000	0.383781	
696	0.326149	112	0.053571	192	0.843750	0.643063	696	0.326149	0.395000	0.383832	
732	0.293716	121	0.008264	147	0.897959	0.643063	732	0.293716	0.348000	0.383671	
719	0.279555	104	0.067308	177	0.898305	0.643063	719	0.279555	0.367000	0.383597	
627	0.293461	79	0.050633	294	0.874150	0.643063	627	0.293461	0.445000	0.383869	
676	0.286982	81	0.012346	243	0.905350	0.643063	676	0.286982	0.415000	0.384007	
663	0.322775	100	0.030000	237	0.860759	0.643063	663	0.322775	0.421000	0.384170	
709	0.307475	85	0.023529	206	0.752427	0.643063	709	0.307475	0.375000	0.384130	
739	0.290934	93	0.032258	168	0.898810	0.643063	739	0.290934	0.369000	0.384064	
749	0.300401	92	0.010870	159	0.886792	0.643063	749	0.300401	0.367000	0.383990	
709	0.290550	111	0.045045	180	0.916667	0.643063	709	0.290550	0.376000	0.383955	
652	0.292945	101	0.049505	247	0.894737	0.643063	652	0.292945	0.417000	0.384097	
642	0.323988	103	0.087379	255	0.898039	0.643063	642	0.323988	0.446000	0.384363	
731	0.300958	125	0.048000	144	0.840278	0.643063	731	0.300958	0.347000	0.384203	
683	0.285505	118	0.050847	199	0.919598	0.643063	683	0.285505	0.384000	0.384203	
739	0.288227	100	0.080000	161	0.826087	0.643063	739	0.288227	0.354000	0.384075	
740	0.298649	107	0.065421	153	0.784314	0.643063	740	0.298649	0.348000	0.383922	
735	0.293878	111	0.072072	154	0.798701	0.643063	735	0.293878	0.347000	0.383767	
757	0.307794	95	0.031579	148	0.891892	0.643063	757	0.307794	0.368000	0.383701	
729	0.351166	103	0.067961	168	0.898810	0.643063	729	0.351166	0.414000	0.383828	
707	0.280057	89	0.067416	204	0.862745	0.643063	707	0.280057	0.380000	0.383812	
705	0.320567	107	0.028037	188	0.867021	0.643063	705	0.320567	0.392000	0.383846	
745	0.300671	106	0.009434	149	0.892617	0.643063	745	0.300671	0.358000	0.383739	
768	0.368490	87	0.034483	145	0.924138	0.643063	768	0.368490	0.420000	0.383888	
677	0.327917	78	0.064103	245	0.914286	0.643063	677	0.327917	0.451000	0.384162	
738	0.330623	75	0.053333	187	0.919786	0.643063	738	0.330623	0.420000	0.384307	
765	0.322876	75	0.026667	160	0.900000	0.643063	765	0.322876	0.393000	0.384343	
716	0.301676	102	0.049020	182	0.890110	0.643063	716	0.301676	0.383000	0.384337	
695	0.339568	115	0.060870	190	0.973684	0.643063	695	0.339568	0.428000	0.384513	
726	0.330579	77	0.051948	197	0.944162	0.643063	726	0.330579	0.430000	0.384694	
685	0.324088	92	0.076087	223	0.874439	0.643063	685	0.324088	0.424000	0.384851	
775	0.325161	107	0.046729	118	0.822034	0.643063	775	0.325161	0.354000	0.384729	
781	0.321383	81	0.074074	138	0.833333	0.643063	781	0.321383	0.372000	0.384678	
724	0.341160	100	0.050000	176	0.852273	0.643063	724	0.341160	0.402000	0.384747	
681	0.295154	103	0.077670	216	0.819444	0.643063	681	0.295154	0.386000	0.384751	
695	0.374101	121	0.066116	184	0.809783	0.643063	695	0.374101	0.417000	0.384877	
706	0.300283	115	0.000000	179	0.843575	0.643063	706	0.300283	0.363000	0.384792	
704	0.336648	121	0.024793	175	0.937143	0.643063	704	0.336648	0.404000	0.384867	
729	0.288066	119	0.000000	152	0.914474	0.643063	729	0.288066	0.349000	0.384728	
733	0.331514	101	0.049505	166	0.879518	0.643063	733	0.331514	0.394000	0.384764	
709	0.321580	95	0.052632	196	0.877551	0.643063	709	0.321580	0.405000	0.384841	
743	0.306864	97	0.020619	160	0.925000	0.643063	743	0.306864	0.378000	0.384815	
717	0.278940	101	0.049505	182	0.917582	0.643063	717	0.278940	0.372000	0.384767	
725	0.273103	98	0.040816	177	0.943503	0.643063	725	0.273103	0.369000	0.384707	
556	0.237410	96	0.031250	348	0.876437	0.643063	556	0.237410	0.440000	0.384916	
613	0.282219	74	0.040541	313	0.894569	0.643063	613	0.282219	0.456000	0.385183	
681	0.277533	76	0.039474	243	0.901235	0.643063	681	0.277533	0.411000	0.385279	
697	0.295552	76	0.052632	227	0.911894	0.643063	697	0.295552	0.417000	0.385398	
687	0.280932	64	0.031250	249	0.907631	0.643063	687	0.280932	0.421000	0.385530	
742	0.296496	126	0.023810	132	0.825758	0.643063	742	0.296496	0.332000	0.385332	
685	0.341606	123	0.040650	192	0.750000	0.643063	685	0.341606	0.383000	0.385323	
746	0.310992	95	0.052632	159	0.880503	0.643063	746	0.310992	0.377000	0.385293	
738	0.294038	116	0.051724	146	0.890411	0.643063	738	0.294038	0.353000	0.385174	
734	0.288828	115	0.008696	151	0.874172	0.643063	734	0.288828	0.345000	0.385028	
718	0.324513	126	0.031746	156	0.871795	0.643063	718	0.324513	0.373000	0.384984	
740	0.310811	127	0.047244	133	0.924812	0.643063	740	0.310811	0.359000	0.384890	
736	0.292120	102	0.088235	162	0.790123	0.643063	736	0.292120	0.352000	0.384771	
741	0.321188	100	0.040000	159	0.905660	0.643063	741	0.321188	0.386000	0.384776	
730	0.321918	103	0.126214	167	0.850299	0.643063	730	0.321918	0.390000	0.384794	
739	0.290934	99	0.050505	162	0.888889	0.643063	739	0.290934	0.364000	0.384720	
667	0.304348	114	0.026316	219	0.858447	0.643063	667	0.304348	0.394000	0.384753	
734	0.310627	110	0.009091	156	0.897436	0.643063	734	0.310627	0.369000	0.384697	
706	0.286119	83	0.012048	211	0.862559	0.643063	706	0.286119	0.385000	0.384698	
693	0.339105	78	0.051282	229	0.934498	0.643063	693	0.339105	0.453000	0.384939	
722	0.354571	99	0.090909	179	0.972067	0.643063	722	0.354571	0.439000	0.385128	
725	0.315862	108	0.046296	167	0.880240	0.643063	725	0.315862	0.381000	0.385114	
759	0.303030	103	0.067961	138	0.862319	0.643063	759	0.303030	0.356000	0.385013	
753	0.341301	98	0.040816	149	0.765101	0.643063	753	0.341301	0.375000	0.384978	
726	0.278237	120	0.041667	154	0.805195	0.643063	726	0.278237	0.331000	0.384791	
715	0.302098	141	0.014184	144	0.881944	0.643063	715	0.302098	0.345000	0.384654	
738	0.299458	123	0.040650	139	0.877698	0.643063	738	0.299458	0.348000	0.384528	
738	0.291328	100	0.100000	162	0.925926	0.643063	738	0.291328	0.375000	0.384495	
730	0.289041	109	0.036697	161	0.913043	0.643063	730	0.289041	0.362000	0.384418	
753	0.341301	124	0.016129	123	0.829268	0.643063	753	0.341301	0.361000	0.384339	
667	0.262369	104	0.096154	229	0.890830	0.643063	667	0.262369	0.389000	0.384355	
742	0.303235	95	0.021053	163	0.858896	0.643063	742	0.303235	0.367000	0.384296	
740	0.331081	94	0.063830	166	0.939759	0.643063	740	0.331081	0.407000	0.384372	
796	0.311558	79	0.025316	125	0.936000	0.643063	796	0.311558	0.367000	0.384314	
732	0.304645	123	0.008130	145	0.889655	0.643063	732	0.304645	0.353000	0.384209	
725	0.303448	100	0.010000	175	0.834286	0.643063	725	0.303448	0.367000	0.384152	
728	0.324176	123	0.048780	149	0.845638	0.643063	728	0.324176	0.368000	0.384098	
762	0.290026	83	0.048193	155	0.851613	0.643063	762	0.290026	0.357000	0.384009	
686	0.249271	106	0.028302	208	0.903846	0.643063	686	0.249271	0.362000	0.383936	
680	0.279412	103	0.000000	217	0.898618	0.643063	680	0.279412	0.385000	0.383940	
682	0.244868	115	0.026087	203	0.921182	0.643063	682	0.244868	0.357000	0.383851	
731	0.296854	112	0.026786	157	0.898089	0.643063	731	0.296854	0.361000	0.383777	
691	0.293777	106	0.066038	203	0.935961	0.643063	691	0.293777	0.400000	0.383829	
645	0.306977	98	0.040816	257	0.957198	0.643063	645	0.306977	0.448000	0.384038	
684	0.302632	129	0.046512	187	0.871658	0.643063	684	0.302632	0.376000	0.384012	
714	0.308123	113	0.008850	173	0.890173	0.643063	714	0.308123	0.375000	0.383983	
732	0.336066	111	0.009009	157	0.904459	0.643063	732	0.336066	0.389000	0.383999	
714	0.310924	103	0.048544	183	0.857923	0.643063	714	0.310924	0.384000	0.383999	
615	0.304065	85	0.035294	300	0.860000	0.643063	615	0.304065	0.448000	0.384203	
754	0.297082	103	0.009709	143	0.958042	0.643063	754	0.297082	0.362000	0.384133	
552	0.315217	92	0.108696	356	0.904494	0.643063	552	0.315217	0.506000	0.384519	
679	0.328424	114	0.043860	207	0.879227	0.643063	679	0.328424	0.410000	0.384600	
673	0.285290	72	0.027778	255	0.921569	0.643063	673	0.285290	0.429000	0.384740	
661	0.302572	92	0.021739	247	0.821862	0.643063	661	0.302572	0.405000	0.384804	
618	0.294498	96	0.031250	286	0.856643	0.643063	618	0.294498	0.430000	0.384946	
657	0.322679	106	0.028302	237	0.864979	0.643063	657	0.322679	0.420000	0.385055	
674	0.342730	77	0.025974	249	0.907631	0.643063	674	0.342730	0.459000	0.385285	
663	0.274510	88	0.000000	249	0.783133	0.643063	663	0.274510	0.377000	0.385260	
715	0.311888	60	0.033333	225	0.924444	0.643063	715	0.311888	0.433000	0.385407	
707	0.291372	105	0.047619	188	0.909574	0.643063	707	0.291372	0.382000	0.385397	
723	0.319502	103	0.019417	174	0.902299	0.643063	723	0.319502	0.390000	0.385411	
633	0.266983	106	0.018868	261	0.885057	0.643063	633	0.266983	0.402000	0.385462	
729	0.323731	93	0.053763	178	0.859551	0.643063	729	0.323731	0.394000	0.385488	
679	0.287187	103	0.029126	218	0.862385	0.643063	679	0.287187	0.386000	0.385490	
607	0.311367	99	0.040404	294	0.891156	0.643063	607	0.311367	0.455000	0.385701	
528	0.253788	107	0.037383	365	0.895890	0.643063	528	0.253788	0.465000	0.385941	
566	0.312721	110	0.009091	324	0.879630	0.643063	566	0.312721	0.463000	0.386174	
739	0.317997	111	0.018018	150	0.933333	0.643063	739	0.317997	0.377000	0.386146	
634	0.348580	111	0.045045	255	0.921569	0.643063	634	0.348580	0.461000	0.386371	
694	0.319885	101	0.039604	205	0.834146	0.643063	694	0.319885	0.397000	0.386403	
560	0.271429	99	0.000000	341	0.941349	0.643063	560	0.271429	0.473000	0.386662	
527	0.263757	109	0.000000	364	0.870879	0.643063	527	0.263757	0.456000	0.386868	
587	0.286201	87	0.057471	326	0.861963	0.643063	587	0.286201	0.454000	0.387067	
629	0.278219	112	0.035714	259	0.857143	0.643063	629	0.278219	0.401000	0.387108	
702	0.324786	96	0.000000	202	0.910891	0.643063	702	0.324786	0.412000	0.387182	
660	0.327273	87	0.022989	253	0.893281	0.643063	660	0.327273	0.444000	0.387349	
643	0.309487	108	0.027778	249	0.887550	0.643063	643	0.309487	0.423000	0.387453	
744	0.299731	100	0.030000	156	0.955128	0.643063	744	0.299731	0.375000	0.387417	
680	0.307353	103	0.067961	217	0.907834	0.643063	680	0.307353	0.413000	0.387492	
684	0.263158	107	0.065421	209	0.827751	0.643063	684	0.263158	0.360000	0.387412	
753	0.361222	94	0.085106	153	0.928105	0.643063	753	0.361222	0.422000	0.387512	
727	0.312242	93	0.021505	180	0.927778	0.643063	727	0.312242	0.396000	0.387536	
685	0.341606	121	0.123967	194	0.953608	0.643063	685	0.341606	0.434000	0.387670	
741	0.352227	111	0.018018	148	0.905405	0.643063	741	0.352227	0.397000	0.387697	
745	0.311409	105	0.000000	150	0.833333	0.643063	745	0.311409	0.357000	0.387609	
744	0.319892	92	0.021739	164	0.896341	0.643063	744	0.319892	0.387000	0.387607	
729	0.297668	104	0.067308	167	0.844311	0.643063	729	0.297668	0.365000	0.387543	
731	0.355677	111	0.018018	158	0.835443	0.643063	731	0.355677	0.394000	0.387561	
729	0.327846	99	0.060606	172	0.906977	0.643063	729	0.327846	0.401000	0.387599	
721	0.317614	105	0.038095	174	0.919540	0.643063	721	0.317614	0.393000	0.387615	
725	0.346207	104	0.048077	171	0.912281	0.643063	725	0.346207	0.412000	0.387683	
761	0.311432	96	0.031250	143	0.839161	0.643063	761	0.311432	0.360000	0.387606	
645	0.319380	84	0.011905	271	0.852399	0.643063	645	0.319380	0.438000	0.387747	
666	0.306306	89	0.011236	245	0.881633	0.643063	666	0.306306	0.421000	0.387840	
629	0.308426	80	0.075000	291	0.831615	0.643063	629	0.308426	0.442000	0.387991	
759	0.317523	95	0.052632	146	0.863014	0.643063	759	0.317523	0.372000	0.387946	
740	0.268919	106	0.056604	154	0.922078	0.643063	740	0.268919	0.347000	0.387833	
695	0.326619	97	0.041237	208	0.807692	0.643063	695	0.326619	0.399000	0.387864	
672	0.306548	100	0.040000	228	0.868421	0.643063	672	0.306548	0.408000	0.387919	
710	0.336620	110	0.045455	180	0.816667	0.643063	710	0.336620	0.391000	0.387928	
721	0.316227	93	0.053763	186	0.930108	0.643063	721	0.316227	0.406000	0.387977	
665	0.288722	65	0.030769	270	0.970370	0.643063	665	0.288722	0.456000	0.388163	
645	0.325581	73	0.027397	282	0.971631	0.643063	645	0.325581	0.486000	0.388429	
620	0.320968	109	0.018349	271	0.970480	0.643063	620	0.320968	0.464000	0.388635	
700	0.298571	97	0.051546	203	0.990148	0.643063	700	0.298571	0.415000	0.388706	
665	0.350376	118	0.025424	217	0.958525	0.643063	665	0.350376	0.444000	0.388856	
727	0.312242	110	0.009091	163	0.969325	0.643063	727	0.312242	0.386000	0.388848	
737	0.306649	91	0.032967	172	0.976744	0.643063	737	0.306649	0.397000	0.388870	
730	0.328767	75	0.066667	195	0.969231	0.643063	730	0.328767	0.434000	0.388991	
733	0.276944	102	0.049020	165	0.909091	0.643063	733	0.276944	0.358000	0.388908	
711	0.300985	105	0.057143	184	0.896739	0.643063	711	0.300985	0.385000	0.388898	
607	0.311367	85	0.023529	308	0.876623	0.643063	607	0.311367	0.461000	0.389089	
606	0.293729	97	0.020619	297	0.855219	0.643063	606	0.293729	0.434000	0.389209	
763	0.314548	83	0.012048	154	0.948052	0.643063	763	0.314548	0.387000	0.389203	
739	0.294993	93	0.021505	168	0.910714	0.643063	739	0.294993	0.373000	0.389160	
711	0.286920	126	0.015873	163	0.938650	0.643063	711	0.286920	0.359000	0.389081	
741	0.340081	98	0.010204	161	0.925466	0.643063	741	0.340081	0.402000	0.389114	
715	0.355245	105	0.028571	180	0.883333	0.643063	715	0.355245	0.416000	0.389185	
725	0.344828	118	0.042373	157	0.847134	0.643063	725	0.344828	0.388000	0.389182	
723	0.322268	112	0.044643	165	0.806061	0.643063	723	0.322268	0.371000	0.389134	
714	0.330532	120	0.066667	166	0.855422	0.643063	714	0.330532	0.386000	0.389126	
726	0.261708	120	0.041667	154	0.883117	0.643063	726	0.261708	0.331000	0.388976	
729	0.308642	127	0.031496	144	0.909722	0.643063	729	0.308642	0.360000	0.388901	
755	0.344371	111	0.009009	134	0.813433	0.643063	755	0.344371	0.370000	0.388852	
758	0.329815	103	0.029126	139	0.884892	0.643063	758	0.329815	0.376000	0.388819	
719	0.314325	105	0.085714	176	0.937500	0.643063	719	0.314325	0.400000	0.388848	
717	0.287308	85	0.058824	198	0.818182	0.643063	717	0.287308	0.373000	0.388807	
721	0.316227	106	0.075472	173	0.872832	0.643063	721	0.316227	0.387000	0.388803	
715	0.303497	89	0.033708	196	0.862245	0.643063	715	0.303497	0.389000	0.388803	
721	0.313454	129	0.038760	150	0.926667	0.643063	721	0.313454	0.370000	0.388755	
702	0.273504	133	0.067669	165	0.969697	0.643063	702	0.273504	0.361000	0.388685	
739	0.284168	105	0.028571	156	0.897436	0.643063	739	0.284168	0.353000	0.388595	
750	0.304000	110	0.072727	140	0.857143	0.643063	750	0.304000	0.356000	0.388513	
727	0.301238	114	0.017544	159	0.899371	0.643063	727	0.301238	0.364000	0.388451	
735	0.326531	108	0.046296	157	0.866242	0.643063	735	0.326531	0.381000	0.388433	
711	0.312236	104	0.057692	185	0.891892	0.643063	711	0.312236	0.393000	0.388444	
741	0.290148	96	0.031250	163	0.895706	0.643063	741	0.290148	0.364000	0.388383	
768	0.282552	101	0.049505	131	0.923664	0.643063	768	0.282552	0.343000	0.388270	
751	0.290280	120	0.050000	129	0.813953	0.643063	751	0.290280	0.329000	0.388123	
723	0.311203	126	0.055556	151	0.927152	0.643063	723	0.311203	0.372000	0.388083	
745	0.322148	105	0.038095	150	0.746667	0.643063	745	0.322148	0.356000	0.388004	
710	0.309859	87	0.057471	203	0.871921	0.643063	710	0.309859	0.402000	0.388038	
728	0.263736	106	0.056604	166	0.891566	0.643063	728	0.263736	0.346000	0.387935	
676	0.288462	95	0.094737	229	0.903930	0.643063	676	0.288462	0.411000	0.387992	
677	0.336780	108	0.055556	215	0.897674	0.643063	677	0.336780	0.427000	0.388087	
752	0.297872	99	0.070707	149	0.859060	0.643063	752	0.297872	0.359000	0.388016	
727	0.298487	125	0.032000	148	0.817568	0.643063	727	0.298487	0.342000	0.387904	
721	0.313454	108	0.064815	171	0.883041	0.643063	721	0.313454	0.384000	0.387895	
756	0.326720	97	0.010309	147	0.891156	0.643063	756	0.326720	0.379000	0.387873	
711	0.305204	114	0.035088	175	0.851429	0.643063	711	0.305204	0.370000	0.387830	
622	0.302251	100	0.030000	278	0.895683	0.643063	622	0.302251	0.440000	0.387956	
668	0.299401	80	0.050000	252	0.904762	0.643063	668	0.299401	0.432000	0.388062	
667	0.286357	83	0.060241	250	0.852000	0.643063	667	0.286357	0.409000	0.388112	
700	0.305714	94	0.042553	206	0.893204	0.643063	700	0.305714	0.402000	0.388145	
758	0.302111	96	0.031250	146	0.938356	0.643063	758	0.302111	0.369000	0.388099	
755	0.301987	91	0.054945	154	0.857143	0.643063	755	0.301987	0.365000	0.388044	
728	0.340659	87	0.045977	185	0.908108	0.643063	728	0.340659	0.420000	0.388120	
663	0.307692	97	0.061856	240	0.837500	0.643063	663	0.307692	0.411000	0.388174	
730	0.334247	82	0.048780	188	0.771277	0.643063	730	0.334247	0.393000	0.388186	
754	0.338196	88	0.079545	158	0.873418	0.643063	754	0.338196	0.400000	0.388214	
721	0.345354	107	0.056075	172	0.813953	0.643063	721	0.345354	0.395000	0.388230	
681	0.293686	97	0.103093	222	0.855856	0.643063	681	0.293686	0.400000	0.388257	
664	0.296687	153	0.039216	183	0.918033	0.643063	664	0.296687	0.371000	0.388217	
660	0.298485	111	0.054054	229	0.873362	0.643063	660	0.298485	0.403000	0.388251	
650	0.283077	81	0.037037	269	0.840149	0.643063	650	0.283077	0.413000	0.388309	
682	0.266862	87	0.057471	231	0.917749	0.643063	682	0.266862	0.399000	0.388334	
677	0.292467	85	0.023529	238	0.936975	0.643063	677	0.292467	0.423000	0.388414	
635	0.302362	90	0.044444	275	0.930909	0.643063	635	0.302362	0.452000	0.388562	
613	0.164763	81	0.061728	306	0.895425	0.643063	613	0.164763	0.380000	0.388542	
591	0.428088	89	0.089888	320	0.896875	0.352776	591	0.428088	0.548000	0.388909	
747	0.356091	91	0.032967	162	0.950617	0.607730	747	0.356091	0.423000	0.388988	
742	0.340970	89	0.033708	169	0.952663	0.607730	742	0.340970	0.417000	0.389052	
752	0.404255	67	0.000000	181	0.895028	0.607730	752	0.404255	0.466000	0.389228	
772	0.378238	81	0.061728	147	0.870748	0.615639	772	0.378238	0.425000	0.389310	
736	0.370924	111	0.009009	153	0.836601	0.615639	736	0.370924	0.402000	0.389339	
763	0.348624	109	0.018349	128	0.703125	0.615639	763	0.348624	0.358000	0.389267	
766	0.345953	84	0.035714	150	0.933333	0.615639	766	0.345953	0.408000	0.389310	
744	0.388441	90	0.066667	166	0.885542	0.615639	744	0.388441	0.442000	0.389429	
703	0.324324	74	0.054054	223	0.874439	0.615639	703	0.324324	0.427000	0.389514	
747	0.346720	79	0.088608	174	0.827586	0.615639	747	0.346720	0.410000	0.389560	
706	0.301700	124	0.056452	170	0.917647	0.615639	706	0.301700	0.376000	0.389529	
725	0.311724	115	0.060870	160	0.931250	0.615639	725	0.311724	0.382000	0.389513	
732	0.292350	125	0.008000	143	0.930070	0.615639	732	0.292350	0.348000	0.389420	
715	0.328671	114	0.026316	171	0.871345	0.615639	715	0.328671	0.387000	0.389414	
694	0.309798	85	0.070588	221	0.859729	0.615639	694	0.309798	0.411000	0.389462	
715	0.311888	114	0.043860	171	0.906433	0.615639	715	0.311888	0.383000	0.389448	
726	0.333333	110	0.063636	164	0.810976	0.615639	726	0.333333	0.382000	0.389432	
725	0.361379	121	0.041322	154	0.831169	0.615639	725	0.361379	0.395000	0.389444	
738	0.353659	129	0.015504	133	0.902256	0.615639	738	0.353659	0.383000	0.389430	
743	0.348587	107	0.037383	150	0.913333	0.615639	743	0.348587	0.400000	0.389453	
696	0.252874	107	0.074766	197	0.822335	0.615639	696	0.252874	0.346000	0.389357	
711	0.333333	125	0.016000	164	0.871951	0.615639	711	0.333333	0.382000	0.389341	
730	0.321918	111	0.072072	159	0.886792	0.615639	730	0.321918	0.384000	0.389330	
769	0.334200	89	0.056180	142	0.908451	0.615639	769	0.334200	0.391000	0.389333	
758	0.325858	83	0.084337	159	0.924528	0.615639	758	0.325858	0.401000	0.389359	
697	0.311334	83	0.048193	220	0.904545	0.615639	697	0.311334	0.420000	0.389425	
672	0.278274	109	0.064220	219	0.867580	0.615639	672	0.278274	0.384000	0.389413	
718	0.317549	110	0.027273	172	0.918605	0.615639	718	0.317549	0.389000	0.389413	
696	0.291667	125	0.032000	179	0.927374	0.615639	696	0.291667	0.373000	0.389377	
716	0.337989	138	0.007246	146	0.924658	0.615639	716	0.337989	0.378000	0.389353	
741	0.319838	109	0.009174	150	0.860000	0.615639	741	0.319838	0.367000	0.389305	
711	0.350211	127	0.031496	162	0.925926	0.615639	711	0.350211	0.403000	0.389334	
689	0.338171	119	0.042017	192	0.854167	0.615639	689	0.338171	0.402000	0.389361	
756	0.316138	104	0.028846	140	0.907143	0.615639	756	0.316138	0.369000	0.389318	
757	0.332893	96	0.020833	147	0.945578	0.615639	757	0.332893	0.393000	0.389325	
756	0.314815	66	0.060606	178	0.915730	0.615639	756	0.314815	0.405000	0.389359	
672	0.340774	96	0.020833	232	0.943966	0.615639	672	0.340774	0.450000	0.389487	
660	0.310606	123	0.040650	217	0.972350	0.615639	660	0.310606	0.421000	0.389554	
662	0.330816	96	0.031250	242	0.842975	0.615639	662	0.330816	0.426000	0.389631	
615	0.325203	115	0.017391	270	0.874074	0.615639	615	0.325203	0.438000	0.389733	
712	0.320225	93	0.043011	195	0.835897	0.615639	712	0.320225	0.395000	0.389744	
688	0.328488	96	0.041667	216	0.912037	0.615639	688	0.328488	0.427000	0.389823	
735	0.333333	108	0.074074	157	0.936306	0.615639	735	0.333333	0.400000	0.389844	
765	0.334641	89	0.067416	146	0.856164	0.615639	765	0.334641	0.387000	0.389838	
762	0.312336	89	0.000000	149	0.872483	0.615639	762	0.312336	0.368000	0.389793	
757	0.313078	94	0.042553	149	0.939597	0.615639	757	0.313078	0.381000	0.389774	
661	0.322239	89	0.067416	250	0.856000	0.615639	661	0.322239	0.433000	0.389864	
661	0.328290	70	0.028571	269	0.929368	0.615639	661	0.328290	0.469000	0.390028	
681	0.284875	76	0.065789	243	0.938272	0.615639	681	0.284875	0.427000	0.390105	
641	0.318253	91	0.043956	268	0.880597	0.615639	641	0.318253	0.444000	0.390216	
715	0.351049	94	0.074468	191	0.926702	0.615639	715	0.351049	0.435000	0.390308	
733	0.330150	109	0.064220	158	0.879747	0.615639	733	0.330150	0.388000	0.390304	
725	0.328276	107	0.037383	168	0.892857	0.615639	725	0.328276	0.392000	0.390307	
715	0.381818	101	0.049505	184	0.885870	0.615639	715	0.381818	0.441000	0.390411	
724	0.320442	110	0.036364	166	0.927711	0.615639	724	0.320442	0.390000	0.390410	
735	0.337415	110	0.045455	155	0.825806	0.615639	735	0.337415	0.381000	0.390391	
730	0.345205	121	0.024793	149	0.946309	0.615639	730	0.345205	0.396000	0.390402	
773	0.332471	85	0.047059	142	0.873239	0.615639	773	0.332471	0.385000	0.390391	
702	0.336182	117	0.076923	181	0.944751	0.615639	702	0.336182	0.416000	0.390443	
721	0.317614	97	0.072165	182	0.829670	0.615639	721	0.317614	0.387000	0.390436	
749	0.343124	88	0.022727	163	0.957055	0.615639	749	0.343124	0.415000	0.390486	
695	0.310791	85	0.047059	220	0.890909	0.615639	695	0.310791	0.416000	0.390538	
730	0.341096	93	0.043011	177	0.870056	0.615639	730	0.341096	0.407000	0.390571	
719	0.324061	104	0.057692	177	0.870056	0.615639	719	0.324061	0.393000	0.390576	
698	0.345272	109	0.064220	193	0.823834	0.615639	698	0.345272	0.407000	0.390608	
699	0.346209	103	0.048544	198	0.858586	0.615639	699	0.346209	0.417000	0.390661	
697	0.302726	111	0.045045	192	0.885417	0.615639	697	0.302726	0.386000	0.390652	
744	0.321237	101	0.039604	155	0.987097	0.615639	744	0.321237	0.396000	0.390663	
752	0.351064	92	0.054348	156	0.987179	0.615639	752	0.351064	0.423000	0.390727	
733	0.321965	106	0.018868	161	0.987578	0.615639	733	0.321965	0.397000	0.390739	
719	0.293463	101	0.039604	180	0.977778	0.615639	719	0.293463	0.391000	0.390740	
780	0.339744	72	0.041667	148	0.972973	0.615639	780	0.339744	0.412000	0.390782	
744	0.325269	80	0.025000	176	0.982955	0.615639	744	0.325269	0.417000	0.390834	
766	0.345953	73	0.054795	161	0.987578	0.615639	766	0.345953	0.428000	0.390907	
715	0.349650	64	0.125000	221	0.995475	0.615639	715	0.349650	0.478000	0.391078	
737	0.351425	88	0.068182	175	0.988571	0.615639	737	0.351425	0.438000	0.391170	
724	0.366022	120	0.033333	156	0.987179	0.615639	724	0.366022	0.423000	0.391232	
727	0.334250	107	0.046729	166	0.987952	0.615639	727	0.334250	0.412000	0.391273	
594	0.331650	140	0.021429	266	0.977444	0.615639	594	0.331650	0.460000	0.391407	
720	0.331944	110	0.009091	170	0.988235	0.615639	720	0.331944	0.408000	0.391439	
695	0.369784	104	0.028846	201	0.965174	0.615639	695	0.369784	0.454000	0.391560	
746	0.321716	116	0.008621	138	0.898551	0.615639	746	0.321716	0.365000	0.391509	
716	0.328212	110	0.054545	174	0.908046	0.615639	716	0.328212	0.399000	0.391523	
679	0.297496	102	0.039216	219	0.926941	0.615639	679	0.297496	0.409000	0.391557	
740	0.333784	121	0.107438	139	0.928058	0.615639	740	0.333784	0.389000	0.391552	
706	0.314448	128	0.039062	166	0.837349	0.615639	706	0.314448	0.366000	0.391503	
719	0.356050	116	0.034483	165	0.854545	0.615639	719	0.356050	0.401000	0.391521	
721	0.332871	102	0.039216	177	0.915254	0.615639	721	0.332871	0.406000	0.391549	
620	0.325806	74	0.054054	306	0.944444	0.615639	620	0.325806	0.495000	0.391747	
649	0.334361	86	0.046512	265	0.943396	0.615639	649	0.334361	0.471000	0.391898	
648	0.347222	68	0.044118	284	0.809859	0.615639	648	0.347222	0.458000	0.392024	
686	0.293003	71	0.112676	243	0.925926	0.615639	686	0.293003	0.434000	0.392104	
753	0.318725	80	0.012500	167	0.856287	0.615639	753	0.318725	0.384000	0.392088	
682	0.324047	98	0.051020	220	0.913636	0.615639	682	0.324047	0.427000	0.392155	
589	0.275042	150	0.026667	261	0.869732	0.615639	589	0.275042	0.393000	0.392156	
558	0.288530	114	0.043860	328	0.865854	0.615639	558	0.288530	0.450000	0.392265	
614	0.325733	116	0.000000	270	0.900000	0.615639	614	0.325733	0.443000	0.392361	
674	0.402077	89	0.022472	237	0.886076	0.615639	674	0.402077	0.483000	0.392531	
706	0.270538	127	0.015748	167	0.874251	0.755087	706	0.270538	0.339000	0.392431	
747	0.244980	104	0.028846	149	0.865772	0.755087	747	0.244980	0.315000	0.392286	
712	0.220506	114	0.008772	174	0.902299	0.755087	712	0.220506	0.315000	0.392141	
738	0.256098	89	0.022472	173	0.890173	0.755087	738	0.256098	0.345000	0.392053	
727	0.217331	101	0.039604	172	0.889535	0.755087	727	0.217331	0.315000	0.391910	
762	0.230971	105	0.019048	133	0.909774	0.755087	762	0.230971	0.299000	0.391737	
715	0.274126	119	0.050420	166	0.903614	0.755087	715	0.274126	0.352000	0.391663	
744	0.251344	92	0.054348	164	0.847561	0.755087	744	0.251344	0.331000	0.391551	
761	0.252300	88	0.045455	151	0.788079	0.755087	761	0.252300	0.315000	0.391410	
748	0.176471	119	0.042017	133	0.917293	0.755087	748	0.176471	0.259000	0.391165	
752	0.235372	98	0.010204	150	0.900000	0.706351	752	0.235372	0.313000	0.391021	
747	0.294511	95	0.052632	158	0.911392	0.706351	747	0.294511	0.369000	0.390981	
750	0.268000	93	0.053763	157	0.885350	0.706351	750	0.268000	0.345000	0.390897	
756	0.269841	92	0.054348	152	0.875000	0.706351	756	0.269841	0.342000	0.390807	
739	0.262517	117	0.085470	144	0.888889	0.706351	739	0.262517	0.332000	0.390699	
716	0.252793	108	0.046296	176	0.852273	0.706351	716	0.252793	0.336000	0.390600	
723	0.251729	110	0.100000	167	0.850299	0.706351	723	0.251729	0.335000	0.390498	
641	0.297972	116	0.068966	243	0.901235	0.706351	641	0.297972	0.418000	0.390548	
734	0.267030	94	0.063830	172	0.883721	0.706351	734	0.267030	0.354000	0.390482	
704	0.286932	92	0.021739	204	0.872549	0.706351	704	0.286932	0.382000	0.390467	
544	0.251838	88	0.056818	368	0.883152	0.706351	544	0.251838	0.467000	0.390605	
628	0.232484	88	0.102273	284	0.834507	0.706351	628	0.232484	0.392000	0.390608	
702	0.284900	119	0.067227	179	0.865922	0.706351	702	0.284900	0.363000	0.390558	
728	0.270604	126	0.063492	146	0.904110	0.706351	728	0.270604	0.337000	0.390462	
725	0.256552	115	0.069565	160	0.762500	0.706351	725	0.256552	0.316000	0.390328	
694	0.270893	101	0.079208	205	0.887805	0.706351	694	0.270893	0.378000	0.390306	
725	0.245517	66	0.060606	209	0.894737	0.706351	725	0.245517	0.369000	0.390268	
641	0.269891	84	0.023810	275	0.905455	0.706351	641	0.269891	0.424000	0.390328	
670	0.234328	76	0.052632	254	0.877953	0.706351	670	0.234328	0.384000	0.390317	
668	0.226048	82	0.073171	250	0.952000	0.706351	668	0.226048	0.395000	0.390325	
661	0.252648	89	0.033708	250	0.956000	0.706351	661	0.252648	0.409000	0.390358	
592	0.231419	94	0.053191	314	0.936306	0.706351	592	0.231419	0.436000	0.390439	
653	0.203675	106	0.047170	241	0.937759	0.706351	653	0.203675	0.364000	0.390392	
701	0.258203	95	0.052632	204	0.852941	0.706351	701	0.258203	0.360000	0.390339	
651	0.288786	113	0.026549	236	0.881356	0.706351	651	0.288786	0.399000	0.390354	
674	0.305638	127	0.023622	199	0.824121	0.706351	674	0.305638	0.373000	0.390323	
715	0.303497	108	0.037037	177	0.892655	0.706351	715	0.303497	0.379000	0.390303	
700	0.295714	103	0.029126	197	0.908629	0.706351	700	0.295714	0.389000	0.390301	
735	0.266667	113	0.017699	152	0.875000	0.706351	735	0.266667	0.331000	0.390197	
670	0.216418	127	0.031496	203	0.916256	0.706351	670	0.216418	0.335000	0.390101	
601	0.179700	96	0.041667	303	0.943894	0.706351	601	0.179700	0.398000	0.390115	
709	0.346968	93	0.043011	198	0.898990	0.521743	709	0.346968	0.428000	0.390181	
648	0.385802	121	0.074380	231	0.922078	0.521743	648	0.385802	0.472000	0.390323	
747	0.393574	93	0.064516	160	0.931250	0.521743	747	0.393574	0.449000	0.390425	
737	0.378562	107	0.065421	156	0.942308	0.521743	737	0.378562	0.433000	0.390498	
746	0.398123	105	0.028571	149	0.932886	0.521743	746	0.398123	0.439000	0.390582	
768	0.412760	87	0.057471	145	0.903448	0.521743	768	0.412760	0.453000	0.390690	
726	0.123967	115	0.017391	159	0.918239	1.039654	726	0.123967	0.238000	0.390427	
704	0.213068	103	0.048544	193	0.906736	0.792323	704	0.213068	0.330000	0.390323	
693	0.240981	77	0.051948	230	0.865217	0.792323	693	0.240981	0.370000	0.390288	
686	0.170554	97	0.103093	217	0.875576	0.792323	686	0.170554	0.317000	0.390162	
727	0.228336	79	0.113924	194	0.917526	0.773144	727	0.228336	0.353000	0.390099	
685	0.267153	119	0.067227	196	0.882653	0.773144	685	0.267153	0.364000	0.390054	
693	0.246753	130	0.015385	177	0.915254	0.773144	693	0.246753	0.335000	0.389960	
716	0.243017	108	0.027778	176	0.897727	0.773144	716	0.243017	0.335000	0.389866	
726	0.236915	118	0.016949	156	0.858974	0.773144	726	0.236915	0.308000	0.389727	
709	0.263752	106	0.047170	185	0.891892	0.773144	709	0.263752	0.357000	0.389672	
710	0.236620	117	0.017094	173	0.878613	0.773144	710	0.236620	0.322000	0.389557	
613	0.212072	64	0.078125	323	0.907121	0.773144	613	0.212072	0.428000	0.389622	
582	0.219931	63	0.000000	355	0.898592	0.773144	582	0.219931	0.447000	0.389719	
502	0.231076	125	0.056000	373	0.900804	0.773144	502	0.231076	0.459000	0.389836	
494	0.202429	126	0.015873	380	0.871053	0.773144	494	0.202429	0.433000	0.389908	
479	0.206681	106	0.009434	415	0.865060	0.773144	479	0.206681	0.459000	0.390025	
471	0.188960	82	0.073171	447	0.894855	0.773144	471	0.188960	0.495000	0.390201	
533	0.470919	94	0.063830	373	0.855228	0.429355	533	0.470919	0.576000	0.390512	
607	0.240527	123	0.056911	270	0.933333	0.715597	607	0.240527	0.405000	0.390536	
700	0.240000	119	0.042017	181	0.872928	0.715597	700	0.240000	0.331000	0.390437	
728	0.258242	124	0.032258	148	0.912162	0.715597	728	0.258242	0.327000	0.390331	
674	0.234421	128	0.046875	198	0.959596	0.715597	674	0.234421	0.354000	0.390271	
699	0.298999	131	0.022901	170	0.900000	0.715597	699	0.298999	0.365000	0.390229	
667	0.313343	110	0.036364	223	0.883408	0.715597	667	0.313343	0.410000	0.390261	
552	0.284420	94	0.000000	354	0.906780	0.715597	552	0.284420	0.478000	0.390407	
612	0.266340	96	0.041667	292	0.791096	0.715597	612	0.266340	0.398000	0.390419	
688	0.241279	116	0.025862	196	0.928571	0.715597	688	0.241279	0.351000	0.390354	
666	0.222222	118	0.050847	216	0.912037	0.715597	666	0.222222	0.351000	0.390289	
710	0.222535	99	0.040404	191	0.905759	0.715597	710	0.222535	0.335000	0.390198	
744	0.239247	95	0.105263	161	0.881988	0.715597	744	0.239247	0.330000	0.390100	
725	0.285517	81	0.111111	194	0.979381	0.715597	725	0.285517	0.406000	0.390126	
698	0.213467	88	0.022727	214	0.957944	0.715597	698	0.213467	0.356000	0.390070	
735	0.235374	104	0.028846	161	0.937888	0.715597	735	0.235374	0.327000	0.389967	
699	0.253219	90	0.077778	211	0.848341	0.715597	699	0.253219	0.363000	0.389923	
693	0.206349	105	0.114286	202	0.896040	0.715597	693	0.206349	0.336000	0.389835	
778	0.273779	83	0.036145	139	0.884892	0.715597	778	0.273779	0.339000	0.389752	
690	0.214493	105	0.076190	205	0.878049	0.715597	690	0.214493	0.336000	0.389665	
611	0.214403	87	0.034483	302	0.907285	0.715597	611	0.214403	0.408000	0.389695	
640	0.254688	104	0.057692	256	0.882812	0.715597	640	0.254688	0.395000	0.389703	
628	0.235669	97	0.020619	275	0.920000	0.715597	628	0.235669	0.403000	0.389725	
627	0.266348	91	0.054945	282	0.911348	0.715597	627	0.266348	0.429000	0.389788	
695	0.322302	125	0.056000	180	0.866667	0.715597	695	0.322302	0.387000	0.389784	
724	0.220994	106	0.028302	170	0.941176	0.715597	724	0.220994	0.323000	0.389676	
726	0.249311	105	0.066667	169	0.857988	0.715597	726	0.249311	0.333000	0.389585	
738	0.276423	89	0.067416	173	0.924855	0.715597	738	0.276423	0.370000	0.389554	
721	0.263523	92	0.086957	187	0.877005	0.715597	721	0.263523	0.362000	0.389510	
499	0.256513	88	0.034091	413	0.920097	0.715597	499	0.256513	0.511000	0.389704	
655	0.232061	80	0.062500	265	0.954717	0.715597	655	0.232061	0.410000	0.389736	
655	0.224427	109	0.045872	236	0.953390	0.715597	655	0.224427	0.377000	0.389716	
644	0.240683	85	0.035294	271	0.970480	0.715597	644	0.240683	0.421000	0.389766	
672	0.244048	113	0.061947	215	0.958140	0.715597	672	0.244048	0.377000	0.389745	
760	0.250000	83	0.048193	157	0.974522	0.715597	760	0.250000	0.347000	0.389678	
733	0.230559	97	0.010309	170	0.958824	0.715597	733	0.230559	0.333000	0.389588	
691	0.237337	99	0.151515	210	0.971429	0.715597	691	0.237337	0.383000	0.389578	
712	0.233146	102	0.049020	186	0.962366	0.715597	712	0.233146	0.350000	0.389515	
668	0.236527	86	0.023256	246	0.894309	0.715597	668	0.236527	0.380000	0.389500	
721	0.209431	106	0.037736	173	0.913295	0.715597	721	0.209431	0.313000	0.389380	
673	0.249629	89	0.044944	238	0.899160	0.715597	673	0.249629	0.386000	0.389375	
625	0.240000	67	0.074627	308	0.844156	0.715597	625	0.240000	0.415000	0.389415	
593	0.293423	84	0.035714	323	0.885449	0.715597	593	0.293423	0.463000	0.389530	
539	0.276438	85	0.035294	376	0.859043	0.715597	539	0.276438	0.475000	0.389663	
569	0.277680	88	0.000000	343	0.880466	0.715597	569	0.277680	0.460000	0.389773	
630	0.265079	100	0.050000	270	0.874074	0.715597	630	0.265079	0.408000	0.389802	
666	0.234234	88	0.068182	246	0.869919	0.715597	666	0.234234	0.376000	0.389780	
700	0.252857	112	0.062500	188	0.851064	0.715597	700	0.252857	0.344000	0.389709	
720	0.287500	111	0.072072	169	0.822485	0.715597	720	0.287500	0.354000	0.389654	
754	0.311671	89	0.123596	157	0.885350	0.715597	754	0.311671	0.385000	0.389646	
717	0.322176	101	0.049505	182	0.939560	0.715597	717	0.322176	0.407000	0.389673	
667	0.293853	120	0.041667	213	0.948357	0.715597	667	0.293853	0.403000	0.389694	
753	0.313413	86	0.081395	161	0.863354	0.715597	753	0.313413	0.382000	0.389682	
763	0.285714	79	0.063291	158	0.873418	0.715597	763	0.285714	0.361000	0.389638	
737	0.283582	91	0.054945	172	0.825581	0.715597	737	0.283582	0.356000	0.389586	
659	0.247344	88	0.022727	253	0.885375	0.715597	659	0.247344	0.389000	0.389585	
598	0.219064	96	0.062500	306	0.803922	0.715597	598	0.219064	0.383000	0.389575	
636	0.234277	86	0.034884	278	0.841727	0.715597	636	0.234277	0.386000	0.389570	
607	0.232290	77	0.000000	316	0.857595	0.715597	607	0.232290	0.412000	0.389604	
624	0.222756	90	0.011111	286	0.923077	0.715597	624	0.222756	0.404000	0.389626	
667	0.248876	102	0.039216	231	0.900433	0.715597	667	0.248876	0.378000	0.389608	
718	0.218663	79	0.037975	203	0.921182	0.715597	718	0.218663	0.347000	0.389543	
655	0.193893	94	0.031915	251	0.840637	0.715597	655	0.193893	0.341000	0.389470	
661	0.372163	90	0.033333	249	0.911647	0.562655	661	0.372163	0.476000	0.389601	
676	0.377219	90	0.077778	234	0.884615	0.562655	676	0.377219	0.469000	0.389721	
678	0.353982	75	0.106667	247	0.898785	0.562655	678	0.353982	0.470000	0.389842	
668	0.363772	72	0.069444	260	0.911538	0.562655	668	0.363772	0.485000	0.389986	
740	0.372973	113	0.044248	147	0.802721	0.562655	740	0.372973	0.399000	0.389999	
750	0.360000	104	0.009615	146	0.863014	0.562655	750	0.360000	0.397000	0.390010	
673	0.374443	106	0.009434	221	0.895928	0.562655	673	0.374443	0.451000	0.390102	
649	0.369800	95	0.094737	256	0.835938	0.562655	649	0.369800	0.463000	0.390211	
644	0.344720	99	0.020202	257	0.906615	0.562655	644	0.344720	0.457000	0.390311	
713	0.350631	105	0.066667	182	0.807692	0.562655	713	0.350631	0.404000	0.390331	
730	0.364384	116	0.137931	154	0.935065	0.562655	730	0.364384	0.426000	0.390384	
722	0.354571	107	0.037383	171	0.935673	0.562655	722	0.354571	0.420000	0.390429	
748	0.351604	91	0.076923	161	0.801242	0.562655	748	0.351604	0.399000	0.390441	
755	0.370861	88	0.102273	157	0.929936	0.562655	755	0.370861	0.435000	0.390508	
706	0.339943	115	0.026087	179	0.854749	0.562655	706	0.339943	0.396000	0.390516	
738	0.310298	122	0.040984	140	0.871429	0.562655	738	0.310298	0.356000	0.390465	
702	0.353276	137	0.036496	161	0.950311	0.562655	702	0.353276	0.406000	0.390488	
640	0.303125	117	0.068376	243	0.897119	0.562655	640	0.303125	0.420000	0.390531	
728	0.357143	99	0.050505	173	0.930636	0.562655	728	0.357143	0.426000	0.390583	
666	0.390390	108	0.046296	226	0.884956	0.562655	666	0.390390	0.465000	0.390693	
685	0.408759	124	0.056452	191	0.890052	0.562655	685	0.408759	0.457000	0.390791	
739	0.320704	101	0.009901	160	0.912500	0.668654	739	0.320704	0.384000	0.390781	
762	0.286089	83	0.096386	155	0.864516	0.668654	762	0.286089	0.360000	0.390735	
757	0.284016	92	0.043478	151	0.847682	0.668654	757	0.284016	0.347000	0.390671	
745	0.314094	99	0.070707	156	0.948718	0.668654	745	0.314094	0.389000	0.390669	
724	0.302486	104	0.134615	172	0.953488	0.668654	724	0.302486	0.397000	0.390678	
727	0.332875	111	0.072072	162	0.938272	0.668654	727	0.332875	0.402000	0.390695	
690	0.313043	107	0.074766	203	0.935961	0.668654	690	0.313043	0.414000	0.390729	
668	0.335329	71	0.056338	261	0.950192	0.668654	668	0.335329	0.476000	0.390853	
675	0.317037	92	0.043478	233	0.892704	0.668654	675	0.317037	0.426000	0.390904	
741	0.333333	94	0.042553	165	0.927273	0.668654	741	0.333333	0.404000	0.390923	
674	0.255193	111	0.099099	215	0.930233	0.668654	674	0.255193	0.383000	0.390911	
718	0.307799	85	0.058824	197	0.954315	0.668654	718	0.307799	0.414000	0.390945	
722	0.306094	91	0.065934	187	0.877005	0.668654	722	0.306094	0.391000	0.390945	
745	0.306040	75	0.066667	180	0.950000	0.668654	745	0.306040	0.404000	0.390963	
743	0.305518	95	0.084211	162	0.870370	0.668654	743	0.305518	0.376000	0.390942	
686	0.285714	67	0.029851	247	0.870445	0.668654	686	0.285714	0.413000	0.390974	
734	0.299728	89	0.067416	177	0.864407	0.668654	734	0.299728	0.379000	0.390956	
740	0.318919	96	0.052083	164	0.829268	0.668654	740	0.318919	0.377000	0.390936	
738	0.296748	109	0.073394	153	0.816993	0.668654	738	0.296748	0.352000	0.390881	
692	0.289017	90	0.066667	218	0.866972	0.668654	692	0.289017	0.395000	0.390887	
745	0.280537	100	0.060000	155	0.864516	0.668654	745	0.280537	0.349000	0.390827	
722	0.277008	91	0.032967	187	0.877005	0.668654	722	0.277008	0.367000	0.390793	
718	0.279944	91	0.087912	191	0.916230	0.668654	718	0.279944	0.384000	0.390783	
758	0.308707	123	0.016260	119	0.873950	0.668654	758	0.308707	0.340000	0.390711	
741	0.272605	101	0.019802	158	0.886076	0.668654	741	0.272605	0.344000	0.390645	
726	0.304408	97	0.010309	177	0.881356	0.668654	726	0.304408	0.378000	0.390627	
707	0.275813	111	0.018018	182	0.917582	0.668654	707	0.275813	0.364000	0.390589	
680	0.292647	78	0.025641	242	0.884298	0.668654	680	0.292647	0.415000	0.390624	
712	0.275281	111	0.036036	177	0.875706	0.668654	712	0.275281	0.355000	0.390573	
667	0.284858	94	0.053191	239	0.832636	0.668654	667	0.284858	0.394000	0.390578	
736	0.302989	93	0.075269	171	0.871345	0.668654	736	0.302989	0.379000	0.390562	
680	0.308824	90	0.066667	230	0.873913	0.668654	680	0.308824	0.417000	0.390599	
714	0.268908	98	0.051020	188	0.845745	0.668654	714	0.268908	0.356000	0.390551	
710	0.285915	93	0.043011	197	0.893401	0.668654	710	0.285915	0.383000	0.390540	
735	0.259864	94	0.031915	171	0.865497	0.668654	735	0.259864	0.342000	0.390472	
748	0.278075	104	0.057692	148	0.817568	0.668654	748	0.278075	0.335000	0.390395	
741	0.300945	87	0.034483	172	0.959302	0.668654	741	0.300945	0.391000	0.390396	
721	0.332871	104	0.067308	175	0.828571	0.668654	721	0.332871	0.392000	0.390398	
717	0.288703	121	0.033058	162	0.901235	0.668654	717	0.288703	0.357000	0.390351	
701	0.298146	141	0.014184	158	0.930380	0.668654	701	0.298146	0.358000	0.390306	
719	0.260083	103	0.077670	178	0.921348	0.668654	719	0.260083	0.359000	0.390263	
715	0.306294	101	0.039604	184	0.880435	0.668654	715	0.306294	0.385000	0.390256	
708	0.288136	114	0.043860	178	0.859551	0.668654	708	0.288136	0.362000	0.390217	
781	0.314981	82	0.097561	137	0.875912	0.668654	781	0.314981	0.374000	0.390194	
735	0.257143	126	0.031746	139	0.899281	0.668654	735	0.257143	0.318000	0.390095	
750	0.273333	91	0.065934	159	0.899371	0.668654	750	0.273333	0.354000	0.390045	
719	0.307371	78	0.038462	203	0.926108	0.668654	719	0.307371	0.412000	0.390075	
687	0.221252	113	0.017699	200	0.920000	0.668654	687	0.221252	0.338000	0.390004	
459	0.305011	91	0.109890	450	0.853333	0.668654	459	0.305011	0.534000	0.390201	
690	0.278261	123	0.024390	187	0.893048	0.668654	690	0.278261	0.362000	0.390162	
727	0.309491	102	0.088235	171	0.900585	0.668654	727	0.309491	0.388000	0.390160	
737	0.302578	99	0.050505	164	0.908537	0.668654	737	0.302578	0.377000	0.390142	
767	0.310300	99	0.010101	134	0.843284	0.668654	767	0.310300	0.352000	0.390090	
739	0.294993	103	0.019417	158	0.879747	0.668654	739	0.294993	0.359000	0.390047	
737	0.291723	106	0.018868	157	0.872611	0.668654	737	0.291723	0.354000	0.389998	
717	0.277545	123	0.040650	160	0.900000	0.668654	717	0.277545	0.348000	0.389941	
754	0.281167	105	0.038095	141	0.808511	0.668654	754	0.281167	0.330000	0.389860	
768	0.285156	97	0.051546	135	0.918519	0.668654	768	0.285156	0.348000	0.389803	
754	0.285146	88	0.034091	158	0.873418	0.668654	754	0.285146	0.356000	0.389757	
787	0.320203	67	0.014925	146	0.801370	0.668654	787	0.320203	0.370000	0.389731	
756	0.338624	72	0.041667	172	0.872093	0.668654	756	0.338624	0.409000	0.389757	
746	0.278820	107	0.056075	147	0.863946	0.668654	746	0.278820	0.341000	0.389691	
770	0.290909	90	0.022222	140	0.850000	0.668654	770	0.290909	0.345000	0.389631	
795	0.313208	70	0.000000	135	0.918519	0.668654	795	0.313208	0.373000	0.389608	
768	0.294271	87	0.045977	145	0.903448	0.668654	768	0.294271	0.361000	0.389570	
618	0.286408	123	0.016260	259	0.826255	0.668654	618	0.286408	0.393000	0.389575	
514	0.336576	123	0.040650	363	0.900826	0.668654	514	0.336576	0.505000	0.389729	
708	0.268362	128	0.031250	164	0.914634	0.668654	708	0.268362	0.344000	0.389668	
715	0.269930	76	0.013158	209	0.923445	0.668654	715	0.269930	0.387000	0.389664	
706	0.280453	76	0.078947	218	0.871560	0.668654	706	0.280453	0.394000	0.389670	
702	0.313390	126	0.055556	172	0.924419	0.668654	702	0.313390	0.386000	0.389665	
651	0.270353	101	0.049505	248	0.903226	0.668654	651	0.270353	0.405000	0.389686	
710	0.270423	126	0.031746	164	0.835366	0.668654	710	0.270423	0.333000	0.389610	
765	0.277124	100	0.010000	135	0.851852	0.668654	765	0.277124	0.328000	0.389529	
706	0.288952	107	0.046729	187	0.839572	0.668654	706	0.288952	0.366000	0.389497	
753	0.270916	101	0.039604	146	0.849315	0.668654	753	0.270916	0.332000	0.389421	
697	0.279770	133	0.022556	170	0.852941	0.668654	697	0.279770	0.343000	0.389360	
713	0.318373	123	0.040650	164	0.853659	0.668654	713	0.318373	0.372000	0.389337	
712	0.255618	123	0.008130	165	0.830303	0.668654	712	0.255618	0.320000	0.389246	
716	0.293296	113	0.026549	171	0.847953	0.668654	716	0.293296	0.358000	0.389205	
718	0.274373	99	0.080808	183	0.846995	0.668654	718	0.274373	0.360000	0.389166	
748	0.283422	98	0.040816	154	0.954545	0.668654	748	0.283422	0.363000	0.389132	
742	0.315364	93	0.043011	165	0.793939	0.668654	742	0.315364	0.369000	0.389106	
757	0.297226	92	0.021739	151	0.821192	0.668654	757	0.297226	0.351000	0.389056	
736	0.332880	107	0.018692	157	0.802548	0.668654	736	0.332880	0.373000	0.389035	
535	0.293458	91	0.120879	374	0.836898	0.668654	535	0.293458	0.481000	0.389155	
722	0.299169	94	0.085106	184	0.771739	0.668654	722	0.299169	0.366000	0.389125	
622	0.209003	122	0.032787	256	0.835938	0.668654	622	0.209003	0.348000	0.389071	
602	0.295681	108	0.046296	290	0.872414	0.668654	602	0.295681	0.436000	0.389132	
758	0.306069	97	0.051546	145	0.931034	0.668654	758	0.306069	0.372000	0.389110	
726	0.300275	109	0.018349	165	0.800000	0.668654	726	0.300275	0.352000	0.389062	
728	0.303571	107	0.084112	165	0.848485	0.668654	728	0.303571	0.370000	0.389037	
713	0.300140	119	0.050420	168	0.916667	0.668654	713	0.300140	0.374000	0.389018	
626	0.241214	122	0.057377	252	0.829365	0.668654	626	0.241214	0.367000	0.388989	
606	0.262376	97	0.041237	297	0.801347	0.668654	606	0.262376	0.401000	0.389005	
646	0.280186	115	0.052174	239	0.866109	0.668654	646	0.280186	0.394000	0.389011	
714	0.296919	109	0.073394	177	0.774011	0.668654	714	0.296919	0.357000	0.388970	
756	0.271164	83	0.036145	161	0.813665	0.668654	756	0.271164	0.339000	0.388906	
742	0.300539	93	0.075269	165	0.878788	0.668654	742	0.300539	0.375000	0.388888	
731	0.284542	111	0.018018	158	0.886076	0.668654	731	0.284542	0.350000	0.388838	
688	0.289244	64	0.062500	248	0.951613	0.668654	688	0.289244	0.439000	0.388902	
706	0.341360	70	0.085714	224	0.977679	0.668654	706	0.341360	0.466000	0.389001	
746	0.325737	98	0.030612	156	0.993590	0.668654	746	0.325737	0.401000	0.389016	
747	0.331995	97	0.020619	156	0.993590	0.668654	747	0.331995	0.405000	0.389036	
754	0.318302	106	0.047170	140	0.971429	0.668654	754	0.318302	0.381000	0.389026	
749	0.369826	97	0.051546	154	0.987013	0.668654	749	0.369826	0.434000	0.389083	
728	0.313187	107	0.046729	165	0.981818	0.668654	728	0.313187	0.395000	0.389091	
724	0.316298	102	0.039216	174	0.977011	0.668654	724	0.316298	0.403000	0.389109	
677	0.351551	95	0.031579	228	0.934211	0.668654	677	0.351551	0.454000	0.389191	
757	0.369881	66	0.030303	177	0.943503	0.668654	757	0.369881	0.449000	0.389267	
695	0.309353	90	0.055556	215	0.841860	0.668654	695	0.309353	0.401000	0.389281	
689	0.319303	126	0.039683	185	0.881081	0.668654	689	0.319303	0.388000	0.389280	
721	0.342580	123	0.065041	156	0.955128	0.668654	721	0.342580	0.404000	0.389298	
704	0.355114	91	0.054945	205	0.941463	0.668654	704	0.355114	0.448000	0.389372	
697	0.340029	95	0.136842	208	0.951923	0.668654	697	0.340029	0.448000	0.389446	
718	0.300836	100	0.050000	182	0.978022	0.668654	718	0.300836	0.399000	0.389458	
747	0.309237	79	0.101266	174	0.931034	0.668654	747	0.309237	0.401000	0.389473	
707	0.360679	92	0.119565	201	0.920398	0.668654	707	0.360679	0.451000	0.389550	
574	0.343206	92	0.043478	334	0.886228	0.668654	574	0.343206	0.497000	0.389684	
706	0.259207	127	0.047244	167	0.904192	0.668654	706	0.259207	0.340000	0.389622	
693	0.288600	123	0.048780	184	0.891304	0.668654	693	0.288600	0.370000	0.389598	
669	0.306428	89	0.056180	242	0.801653	0.668654	669	0.306428	0.404000	0.389615	
660	0.330303	110	0.045455	230	0.886957	0.668654	660	0.330303	0.427000	0.389662	
621	0.357488	89	0.044944	290	0.844828	0.668654	621	0.357488	0.471000	0.389763	
720	0.304167	98	0.051020	182	0.873626	0.668654	720	0.304167	0.383000	0.389755	
683	0.269400	91	0.032967	226	0.955752	0.668654	683	0.269400	0.403000	0.389771	
528	0.301136	69	0.000000	403	0.920596	0.668654	528	0.301136	0.530000	0.389945	
721	0.319001	100	0.040000	179	0.927374	0.668654	721	0.319001	0.400000	0.389957	
710	0.271831	110	0.018182	180	0.872222	0.668654	710	0.271831	0.352000	0.389911	
699	0.286123	117	0.034188	184	0.847826	0.668654	699	0.286123	0.360000	0.389874	
714	0.315126	119	0.025210	167	0.940120	0.668654	714	0.315126	0.385000	0.389868	
721	0.317614	105	0.076190	174	0.942529	0.668654	721	0.317614	0.401000	0.389881	
698	0.293696	98	0.051020	204	0.872549	0.668654	698	0.293696	0.388000	0.389879	
744	0.294355	115	0.052174	141	0.794326	0.668654	744	0.294355	0.337000	0.389814	
731	0.268126	107	0.046729	162	0.882716	0.668654	731	0.268126	0.344000	0.389758	
723	0.304288	110	0.090909	167	0.952096	0.668654	723	0.304288	0.389000	0.389757	
731	0.231190	117	0.034188	152	0.822368	0.668654	731	0.231190	0.298000	0.389645	
718	0.284123	123	0.016260	159	0.893082	0.668654	718	0.284123	0.348000	0.389594	
699	0.263233	107	0.037383	194	0.891753	0.668654	699	0.263233	0.361000	0.389559	
674	0.256677	101	0.029703	225	0.920000	0.668654	674	0.256677	0.383000	0.389551	
761	0.257556	82	0.073171	157	0.910828	0.668654	761	0.257556	0.345000	0.389496	
744	0.287634	101	0.039604	155	0.858065	0.668654	744	0.287634	0.351000	0.389450	
687	0.228530	81	0.086420	232	0.866379	0.668654	687	0.228530	0.365000	0.389420	
754	0.259947	94	0.042553	152	0.907895	0.668654	754	0.259947	0.338000	0.389358	
751	0.252996	100	0.000000	149	0.906040	0.668654	751	0.252996	0.325000	0.389280	
729	0.260631	96	0.041667	175	0.897143	0.668654	729	0.260631	0.351000	0.389233	
693	0.246753	98	0.051020	209	0.899522	0.668654	693	0.246753	0.364000	0.389203	
736	0.296196	95	0.042105	169	0.923077	0.668654	736	0.296196	0.378000	0.389189	
726	0.305785	98	0.030612	176	0.909091	0.668654	726	0.305785	0.385000	0.389184	
707	0.322489	93	0.086022	200	0.845000	0.668654	707	0.322489	0.405000	0.389203	
716	0.308659	109	0.073394	175	0.897143	0.668654	716	0.308659	0.386000	0.389199	
706	0.320113	112	0.062500	182	0.818681	0.668654	706	0.320113	0.382000	0.389191	
712	0.299157	101	0.049505	187	0.898396	0.668654	712	0.299157	0.386000	0.389187	
694	0.324207	105	0.076190	201	0.845771	0.668654	694	0.324207	0.403000	0.389203	
722	0.279778	95	0.031579	183	0.907104	0.668654	722	0.279778	0.371000	0.389182	
696	0.278736	121	0.066116	183	0.928962	0.668654	696	0.278736	0.372000	0.389161	
670	0.219403	125	0.072000	205	0.970732	0.668654	670	0.219403	0.355000	0.389120	
619	0.269790	123	0.016260	258	0.945736	0.668654	619	0.269790	0.413000	0.389149	
676	0.264793	109	0.000000	215	0.906977	0.668654	676	0.264793	0.374000	0.389131	
641	0.199688	124	0.080645	235	0.889362	0.668654	641	0.199688	0.347000	0.389080	
775	0.335484	85	0.058824	140	0.914286	0.544374	775	0.335484	0.393000	0.389085	
715	0.351049	113	0.070796	172	0.860465	0.544374	715	0.351049	0.407000	0.389106	
671	0.385991	136	0.044118	193	0.917098	0.544374	671	0.385991	0.442000	0.389169	
694	0.412104	81	0.049383	225	0.866667	0.544374	694	0.412104	0.485000	0.389283	
673	0.093611	123	0.024390	204	0.911765	1.063982	673	0.093611	0.252000	0.389120	
650	0.287692	79	0.088608	271	0.881919	0.671596	650	0.287692	0.433000	0.389172	
714	0.315126	81	0.074074	205	0.960976	0.671596	714	0.315126	0.428000	0.389218	
710	0.297183	107	0.149533	183	0.956284	0.671596	710	0.297183	0.402000	0.389233	
713	0.302945	83	0.060241	204	0.950980	0.671596	713	0.302945	0.415000	0.389263	
756	0.289683	85	0.047059	159	0.987421	0.671596	756	0.289683	0.380000	0.389252	
697	0.288379	122	0.016393	181	0.972376	0.671596	697	0.288379	0.379000	0.389240	
709	0.279267	108	0.083333	183	0.907104	0.671596	709	0.279267	0.373000	0.389221	
722	0.297784	102	0.058824	176	0.875000	0.671596	722	0.297784	0.375000	0.389205	
720	0.302778	86	0.034884	194	0.917526	0.671596	720	0.302778	0.399000	0.389216	
743	0.302826	80	0.100000	177	0.807910	0.671596	743	0.302826	0.376000	0.389201	
724	0.321823	88	0.079545	188	0.893617	0.671596	724	0.321823	0.408000	0.389223	
660	0.253030	102	0.039216	238	0.903361	0.671596	660	0.253030	0.386000	0.389219	
720	0.320833	83	0.096386	197	0.878173	0.671596	720	0.320833	0.412000	0.389245	
735	0.289796	96	0.062500	169	0.881657	0.671596	735	0.289796	0.368000	0.389221	
739	0.303112	93	0.021505	168	0.904762	0.671596	739	0.303112	0.378000	0.389208	
734	0.276567	98	0.061224	168	0.916667	0.671596	734	0.276567	0.363000	0.389177	
676	0.276627	113	0.035398	211	0.905213	0.671596	676	0.276627	0.382000	0.389169	
723	0.264177	108	0.055556	169	0.923077	0.671596	723	0.264177	0.353000	0.389127	
747	0.282463	122	0.016393	131	0.946565	0.671596	747	0.282463	0.337000	0.389067	
735	0.285714	111	0.054054	154	0.909091	0.671596	735	0.285714	0.356000	0.389028	
682	0.255132	75	0.120000	243	0.835391	0.671596	682	0.255132	0.386000	0.389025	
674	0.281899	110	0.027273	216	0.879630	0.671596	674	0.281899	0.383000	0.389018	
705	0.347518	84	0.083333	211	0.824645	0.671596	705	0.347518	0.426000	0.389061	
539	0.256030	89	0.022472	372	0.978495	0.671596	539	0.256030	0.504000	0.389193	
592	0.256757	88	0.090909	320	0.993750	0.671596	592	0.256757	0.478000	0.389295	
713	0.301543	70	0.085714	217	0.976959	0.671596	713	0.301543	0.433000	0.389345	
703	0.302987	93	0.086022	204	0.995098	0.671596	703	0.302987	0.424000	0.389385	
759	0.301713	69	0.072464	172	0.982558	0.671596	759	0.301713	0.403000	0.389400	
715	0.302098	108	0.064815	177	0.994350	0.671596	715	0.302098	0.399000	0.389411	
620	0.241935	82	0.048780	298	0.989933	0.671596	620	0.241935	0.449000	0.389480	
766	0.334204	102	0.019608	132	0.977273	0.671596	766	0.334204	0.387000	0.389477	
702	0.339031	121	0.074380	177	0.994350	0.671596	702	0.339031	0.423000	0.389515	
666	0.295796	108	0.018519	226	0.986726	0.671596	666	0.295796	0.422000	0.389552	
697	0.321377	118	0.033898	185	0.967568	0.671596	697	0.321377	0.407000	0.389572	
665	0.287218	108	0.037037	227	0.955947	0.671596	665	0.287218	0.412000	0.389597	
583	0.308748	114	0.043860	303	0.874587	0.671596	583	0.308748	0.450000	0.389666	
659	0.312595	89	0.056180	252	0.940476	0.671596	659	0.312595	0.448000	0.389732	
735	0.310204	122	0.024590	143	0.972028	0.671596	735	0.310204	0.370000	0.389710	
717	0.301255	100	0.040000	183	0.989071	0.671596	717	0.301255	0.401000	0.389722	
717	0.313808	81	0.012346	202	0.985149	0.671596	717	0.313808	0.425000	0.389762	
740	0.318919	91	0.065934	169	0.958580	0.671596	740	0.318919	0.404000	0.389778	
718	0.328691	74	0.081081	208	0.975962	0.671596	718	0.328691	0.445000	0.389841	
745	0.323490	88	0.068182	167	0.970060	0.671596	745	0.323490	0.409000	0.389862	
726	0.275482	116	0.043103	158	0.974684	0.671596	726	0.275482	0.359000	0.389827	
725	0.313103	126	0.055556	149	0.959732	0.671596	725	0.313103	0.377000	0.389813	
719	0.269819	113	0.035398	168	0.964286	0.671596	719	0.269819	0.360000	0.389780	
686	0.314869	81	0.123457	233	0.982833	0.671596	686	0.314869	0.455000	0.389853	
733	0.296044	100	0.090000	167	0.916168	0.671596	733	0.296044	0.379000	0.389841	
636	0.331761	95	0.126316	269	0.899628	0.671596	636	0.331761	0.465000	0.389925	
691	0.279305	98	0.071429	211	0.834123	0.671596	691	0.279305	0.376000	0.389909	
571	0.290718	100	0.050000	329	0.869301	0.671596	571	0.290718	0.457000	0.389984	
645	0.305426	94	0.042553	261	0.846743	0.671596	645	0.305426	0.422000	0.390020	
675	0.288889	69	0.072464	256	0.878906	0.671596	675	0.288889	0.425000	0.390059	
733	0.275580	98	0.020408	169	0.893491	0.671596	733	0.275580	0.355000	0.390020	
739	0.278755	87	0.057471	174	0.844828	0.671596	739	0.278755	0.358000	0.389984	
737	0.291723	102	0.009804	161	0.857143	0.671596	737	0.291723	0.354000	0.389944	
710	0.311268	99	0.040404	191	0.926702	0.671596	710	0.311268	0.402000	0.389957	
727	0.288858	117	0.059829	156	0.916667	0.671596	727	0.288858	0.360000	0.389924	
712	0.290730	105	0.057143	183	0.961749	0.671596	712	0.290730	0.389000	0.389923	
711	0.315049	94	0.074468	195	0.964103	0.671596	711	0.315049	0.419000	0.389955	
746	0.319035	99	0.040404	155	0.909677	0.671596	746	0.319035	0.383000	0.389948	
695	0.316547	125	0.040000	180	0.972222	0.671596	695	0.316547	0.400000	0.389959	
688	0.364826	111	0.063063	201	0.870647	0.671596	688	0.364826	0.433000	0.390006	
749	0.331108	101	0.029703	150	0.953333	0.671596	749	0.331108	0.394000	0.390011	
727	0.352132	75	0.080000	198	0.969697	0.671596	727	0.352132	0.454000	0.390081	
695	0.338129	71	0.084507	234	0.961538	0.671596	695	0.338129	0.466000	0.390164	
759	0.349144	81	0.061728	160	0.937500	0.671596	759	0.349144	0.420000	0.390197	
759	0.330698	75	0.040000	166	0.969880	0.671596	759	0.330698	0.415000	0.390224	
725	0.306207	90	0.077778	185	0.881081	0.671596	725	0.306207	0.392000	0.390226	
735	0.340136	94	0.063830	171	0.935673	0.671596	735	0.340136	0.416000	0.390254	
717	0.337517	95	0.115789	188	0.946809	0.671596	717	0.337517	0.431000	0.390299	
722	0.311634	117	0.042735	161	0.993789	0.671596	722	0.311634	0.390000	0.390298	
723	0.329184	100	0.050000	177	0.943503	0.671596	723	0.329184	0.410000	0.390320	
689	0.290276	119	0.050420	192	0.921875	0.671596	689	0.290276	0.383000	0.390312	
708	0.327684	107	0.084112	185	0.956757	0.671596	708	0.327684	0.418000	0.390342	
706	0.341360	84	0.035714	210	0.914286	0.671596	706	0.341360	0.436000	0.390392	
698	0.285100	111	0.099099	191	0.931937	0.671596	698	0.285100	0.388000	0.390389	
707	0.343706	111	0.018018	182	0.972527	0.671596	707	0.343706	0.422000	0.390423	
620	0.277419	109	0.100917	271	0.959410	0.671596	620	0.277419	0.443000	0.390480	
694	0.325648	100	0.090000	206	0.917476	0.671596	694	0.325648	0.424000	0.390516	
659	0.291351	109	0.055046	232	0.875000	0.671596	659	0.291351	0.401000	0.390528	
598	0.292642	89	0.067416	313	0.961661	0.671596	598	0.292642	0.482000	0.390626	
688	0.319767	118	0.016949	194	0.953608	0.671596	688	0.319767	0.407000	0.390644	
714	0.312325	115	0.017391	171	0.941520	0.671596	714	0.312325	0.386000	0.390639	
739	0.303112	124	0.032258	137	0.985401	0.671596	739	0.303112	0.363000	0.390609	
748	0.314171	90	0.044444	162	0.950617	0.671596	748	0.314171	0.393000	0.390612	
720	0.291667	112	0.053571	168	0.928571	0.671596	720	0.291667	0.372000	0.390592	
669	0.295964	123	0.016260	208	0.937500	0.671596	669	0.295964	0.395000	0.390597	
745	0.284564	95	0.073684	160	0.875000	0.671596	745	0.284564	0.359000	0.390563	
658	0.305471	105	0.038095	237	0.827004	0.671596	658	0.305471	0.401000	0.390574	
645	0.271318	102	0.098039	253	0.830040	0.671596	645	0.271318	0.395000	0.390579	
543	0.278085	99	0.030303	358	0.879888	0.671596	543	0.278085	0.469000	0.390662	
597	0.311558	115	0.000000	288	0.885417	0.671596	597	0.311558	0.441000	0.390716	
528	0.329545	155	0.032258	317	0.914826	0.671596	528	0.329545	0.469000	0.390799	
580	0.318966	113	0.026549	307	0.885993	0.671596	580	0.318966	0.460000	0.390873	
621	0.296296	85	0.011765	294	0.969388	0.671596	621	0.296296	0.470000	0.390957	
579	0.264249	83	0.060241	338	0.920118	0.671596	579	0.264249	0.469000	0.391040	
690	0.313043	108	0.111111	202	0.945545	0.671596	690	0.313043	0.419000	0.391070	
655	0.326718	120	0.066667	225	0.946667	0.671596	655	0.326718	0.435000	0.391116	
692	0.338150	107	0.065421	201	0.920398	0.671596	692	0.338150	0.426000	0.391153	
738	0.287263	111	0.027027	151	0.821192	0.671596	738	0.287263	0.339000	0.391098	
733	0.309686	77	0.077922	190	0.973684	0.671596	733	0.309686	0.418000	0.391126	
719	0.264256	85	0.070588	196	0.959184	0.671596	719	0.264256	0.384000	0.391119	
709	0.260931	85	0.070588	206	0.927184	0.671596	709	0.260931	0.382000	0.391109	
673	0.322437	74	0.067568	253	0.984190	0.671596	673	0.322437	0.471000	0.391193	
620	0.346774	111	0.009009	269	0.940520	0.671596	620	0.346774	0.469000	0.391275	
635	0.292913	117	0.076923	248	0.923387	0.671596	635	0.292913	0.424000	0.391309	
670	0.294030	127	0.047244	203	0.901478	0.671596	670	0.294030	0.386000	0.391304	
705	0.364539	112	0.026786	183	0.885246	0.671596	705	0.364539	0.422000	0.391336	
642	0.308411	104	0.038462	254	0.972441	0.671596	642	0.308411	0.449000	0.391396	
643	0.265941	96	0.020833	261	0.946360	0.671596	643	0.265941	0.420000	0.391426	
608	0.315789	110	0.027273	282	0.879433	0.671596	608	0.315789	0.443000	0.391480	
603	0.270315	140	0.014286	257	0.922179	0.671596	603	0.270315	0.402000	0.391491	
710	0.288732	115	0.060870	175	0.897143	0.671596	710	0.288732	0.369000	0.391468	
542	0.276753	137	0.058394	321	0.937695	0.671596	542	0.276753	0.459000	0.391538	
548	0.344891	139	0.057554	313	0.916933	0.671596	548	0.344891	0.484000	0.391634	
550	0.278182	111	0.027027	339	0.952802	0.671596	550	0.278182	0.479000	0.391725	
602	0.289037	95	0.031579	303	0.904290	0.671596	602	0.289037	0.451000	0.391787	
528	0.291667	114	0.017544	358	0.963687	0.671596	528	0.291667	0.501000	0.391900	
522	0.308429	138	0.043478	340	0.902941	0.671596	522	0.308429	0.474000	0.391985	
728	0.291209	91	0.032967	181	0.955801	0.671596	728	0.291209	0.388000	0.391981	
714	0.301120	95	0.031579	191	0.947644	0.671596	714	0.301120	0.399000	0.391988	
711	0.323488	107	0.056075	182	0.939560	0.671596	711	0.323488	0.407000	0.392004	
716	0.283520	115	0.017391	169	0.917160	0.671596	716	0.283520	0.360000	0.391971	
730	0.317808	119	0.025210	151	0.953642	0.671596	730	0.317808	0.379000	0.391957	
662	0.327795	118	0.042373	220	0.972727	0.671596	662	0.327795	0.436000	0.392003	
699	0.319027	127	0.039370	174	0.988506	0.671596	699	0.319027	0.400000	0.392011	
708	0.310734	132	0.007576	160	0.975000	0.671596	708	0.310734	0.377000	0.391995	
728	0.293956	117	0.051282	155	0.961290	0.671596	728	0.293956	0.369000	0.391972	
719	0.292072	104	0.028846	177	0.954802	0.671596	719	0.292072	0.382000	0.391962	
744	0.340054	96	0.020833	160	0.968750	0.671596	744	0.340054	0.410000	0.391980	
699	0.306152	124	0.016129	177	0.966102	0.671596	699	0.306152	0.387000	0.391975	
740	0.278378	122	0.024590	138	0.920290	0.671596	740	0.278378	0.336000	0.391918	
752	0.295213	109	0.000000	139	0.863309	0.671596	752	0.295213	0.342000	0.391867	
738	0.264228	106	0.018868	156	0.878205	0.671596	738	0.264228	0.334000	0.391808	
736	0.302989	110	0.027273	154	0.850649	0.671596	736	0.302989	0.357000	0.391772	
719	0.305981	109	0.009174	172	0.872093	0.671596	719	0.305981	0.371000	0.391751	
726	0.301653	107	0.000000	167	0.910180	0.671596	726	0.301653	0.371000	0.391730	
747	0.327979	107	0.009346	146	0.910959	0.671596	747	0.327979	0.379000	0.391717	
704	0.264205	105	0.028571	191	0.858639	0.671596	704	0.264205	0.353000	0.391678	
716	0.300279	111	0.018018	173	0.913295	0.671596	716	0.300279	0.375000	0.391661	
713	0.283310	119	0.008403	168	0.958333	0.671596	713	0.283310	0.364000	0.391633	
740	0.282432	118	0.025424	142	0.859155	0.671596	740	0.282432	0.334000	0.391575	
744	0.346774	94	0.042553	162	0.950617	0.671596	744	0.346774	0.416000	0.391599	
742	0.287062	98	0.030612	160	0.931250	0.671596	742	0.287062	0.365000	0.391572	
728	0.307692	124	0.040323	148	0.966216	0.671596	728	0.307692	0.372000	0.391553	
699	0.290415	112	0.080357	189	0.862434	0.671596	699	0.290415	0.375000	0.391536	
737	0.270014	93	0.075269	170	0.935294	0.671596	737	0.270014	0.365000	0.391509	
752	0.252660	101	0.049505	147	0.945578	0.671596	752	0.252660	0.334000	0.391451	
767	0.293351	101	0.099010	132	0.803030	0.671596	767	0.293351	0.341000	0.391401	
728	0.239011	118	0.042373	154	0.909091	0.671596	728	0.239011	0.319000	0.391328	
734	0.329700	121	0.008264	145	0.848276	0.671596	734	0.329700	0.366000	0.391303	
726	0.272727	123	0.032520	151	0.907285	0.671596	726	0.272727	0.339000	0.391250	
657	0.229833	103	0.058252	240	0.879167	0.671596	657	0.229833	0.368000	0.391227	
697	0.262554	116	0.068966	187	0.930481	0.671596	697	0.262554	0.365000	0.391201	
