Rate	71.43
Rev Jump	14.29
Prior Change	14.29
Rate Tried	% Accepted	Rev Jump Tried	% Accepted	Prior Change Tried	% Accepted	Rates - Dev	Rates - Tried	Rates - Accepted	Sample Ave Acceptance	Total Ave Acceptance	
644	0.184783	118	0.025424	238	0.936975	0.795595	644	0.184783	0.345000	0.318698	
616	0.373377	101	0.019802	283	0.872792	0.576538	616	0.373377	0.479000	0.332056	
703	0.365576	112	0.044643	185	0.940541	0.576538	703	0.365576	0.436000	0.340051	
608	0.325658	93	0.053763	299	0.936455	0.576538	608	0.325658	0.483000	0.350261	
594	0.365320	85	0.011765	321	0.915888	0.576538	594	0.365320	0.512000	0.361043	
609	0.348112	63	0.047619	328	0.893293	0.576538	609	0.348112	0.508000	0.370227	
691	0.344428	79	0.063291	230	0.800000	0.576538	691	0.344428	0.427000	0.373566	
645	0.328682	91	0.043956	264	0.890152	0.576538	645	0.328682	0.451000	0.377868	
709	0.386460	110	0.036364	181	0.861878	0.576538	709	0.386460	0.434000	0.380822	
711	0.365682	113	0.061947	176	0.948864	0.576538	711	0.365682	0.434000	0.383481	
707	0.384724	97	0.030928	196	0.948980	0.576538	707	0.384724	0.461000	0.387172	
639	0.322379	101	0.059406	260	0.934615	0.576538	639	0.322379	0.455000	0.390255	
744	0.389785	114	0.035088	142	0.929577	0.576538	744	0.389785	0.426000	0.391809	
713	0.359046	130	0.046154	157	0.859873	0.576538	713	0.359046	0.397000	0.392025	
741	0.363023	115	0.017391	144	0.916667	0.576538	741	0.363023	0.403000	0.392464	
739	0.378890	92	0.000000	169	0.905325	0.576538	739	0.378890	0.433000	0.394023	
709	0.369535	88	0.022727	203	0.906404	0.576538	709	0.369535	0.448000	0.396022	
725	0.350345	84	0.047619	191	0.869110	0.576538	725	0.350345	0.424000	0.397022	
744	0.373656	88	0.045455	168	0.976190	0.576538	744	0.373656	0.446000	0.398710	
697	0.367288	101	0.019802	202	0.940594	0.576538	697	0.367288	0.448000	0.400353	
615	0.325203	115	0.017391	270	0.918519	0.576538	615	0.325203	0.450000	0.401955	
622	0.358521	118	0.000000	260	0.934615	0.576538	622	0.358521	0.466000	0.403956	
691	0.379161	94	0.021277	215	0.939535	0.576538	691	0.379161	0.466000	0.405836	
681	0.367107	96	0.020833	223	0.928251	0.576538	681	0.367107	0.459000	0.407400	
717	0.316597	113	0.035398	170	0.947059	0.576538	717	0.316597	0.392000	0.406960	
728	0.384615	120	0.008333	152	0.894737	0.576538	728	0.384615	0.417000	0.407239	
739	0.373478	120	0.025000	141	0.957447	0.576538	739	0.373478	0.414000	0.407421	
717	0.338912	124	0.032258	159	0.968553	0.576538	717	0.338912	0.401000	0.407252	
701	0.345221	122	0.000000	177	0.909605	0.576538	701	0.345221	0.403000	0.407143	
726	0.340220	121	0.000000	153	0.954248	0.576538	726	0.340220	0.393000	0.406790	
719	0.328234	96	0.000000	185	0.891892	0.576538	719	0.328234	0.401000	0.406649	
677	0.323486	126	0.015873	197	0.923858	0.576538	677	0.323486	0.403000	0.406562	
680	0.397059	121	0.016529	199	0.904523	0.576538	680	0.397059	0.452000	0.407618	
635	0.302362	132	0.037879	233	0.854077	0.576538	635	0.302362	0.396000	0.407354	
685	0.335766	96	0.031250	219	0.876712	0.576538	685	0.335766	0.425000	0.407746	
641	0.375975	104	0.000000	255	0.937255	0.576538	641	0.375975	0.480000	0.409317	
655	0.374046	127	0.015748	218	0.922018	0.576538	655	0.374046	0.448000	0.410140	
668	0.323353	112	0.008929	220	0.927273	0.576538	668	0.323353	0.421000	0.410366	
660	0.356061	97	0.020619	243	0.942387	0.576538	660	0.356061	0.466000	0.411502	
681	0.327460	113	0.035398	206	0.888350	0.576538	681	0.327460	0.410000	0.411472	
668	0.317365	123	0.024390	209	0.937799	0.576538	668	0.317365	0.411000	0.411463	
712	0.307584	121	0.041322	167	0.892216	0.576538	712	0.307584	0.373000	0.410723	
698	0.303725	116	0.043103	186	0.897849	0.576538	698	0.303725	0.384000	0.410219	
748	0.377005	84	0.023810	168	0.952381	0.576538	748	0.377005	0.444000	0.410844	
685	0.338686	91	0.043956	224	0.861607	0.576538	685	0.338686	0.429000	0.411174	
672	0.358631	89	0.022472	239	0.962343	0.576538	672	0.358631	0.473000	0.412278	
754	0.319629	101	0.059406	145	0.910345	0.576538	754	0.319629	0.379000	0.411695	
714	0.291317	122	0.016393	164	0.841463	0.576538	714	0.291317	0.348000	0.410596	
745	0.336913	113	0.008850	142	0.936620	0.576538	745	0.336913	0.385000	0.410163	
717	0.351464	116	0.000000	167	0.922156	0.576538	717	0.351464	0.406000	0.410093	
734	0.350136	123	0.016260	143	0.909091	0.576538	734	0.350136	0.389000	0.409747	
711	0.354430	123	0.032520	166	0.879518	0.576538	711	0.354430	0.402000	0.409622	
728	0.318681	128	0.023438	144	0.965278	0.576538	728	0.318681	0.374000	0.409057	
676	0.343195	124	0.032258	200	0.905000	0.576538	676	0.343195	0.417000	0.409181	
720	0.340278	123	0.032520	157	0.853503	0.576538	720	0.340278	0.383000	0.408778	
706	0.330028	106	0.018868	188	0.920213	0.576538	706	0.330028	0.408000	0.408767	
626	0.361022	105	0.000000	269	0.955390	0.576538	626	0.361022	0.483000	0.409874	
620	0.356452	114	0.000000	266	0.936090	0.576538	620	0.356452	0.470000	0.410759	
611	0.322422	119	0.000000	270	0.955556	0.576538	611	0.322422	0.455000	0.411400	
605	0.355372	125	0.016000	270	0.914815	0.576538	605	0.355372	0.464000	0.412151	
608	0.361842	125	0.000000	267	0.966292	0.576538	608	0.361842	0.478000	0.413079	
649	0.369800	94	0.000000	257	0.996109	0.576538	649	0.369800	0.496000	0.414230	
644	0.363354	82	0.000000	274	0.970803	0.576538	644	0.363354	0.500000	0.415405	
667	0.326837	108	0.037037	225	0.933333	0.576538	667	0.326837	0.432000	0.415630	
735	0.364626	85	0.023529	180	0.927778	0.576538	735	0.364626	0.437000	0.415914	
753	0.370518	78	0.000000	169	0.923077	0.576538	753	0.370518	0.435000	0.416166	
683	0.325037	109	0.027523	208	0.942308	0.576538	683	0.325037	0.421000	0.416228	
639	0.305164	115	0.043478	246	0.939024	0.576538	639	0.305164	0.431000	0.416418	
663	0.316742	105	0.028571	232	0.943966	0.576538	663	0.316742	0.432000	0.416615	
724	0.366022	117	0.017094	159	0.943396	0.576538	724	0.366022	0.417000	0.416620	
717	0.354254	134	0.014925	149	0.939597	0.576538	717	0.354254	0.396000	0.416365	
740	0.362162	117	0.059829	143	0.944056	0.576538	740	0.362162	0.410000	0.416288	
749	0.352470	113	0.017699	138	0.963768	0.576538	749	0.352470	0.399000	0.416079	
721	0.399445	112	0.017857	167	0.952096	0.576538	721	0.399445	0.449000	0.416471	
712	0.342697	101	0.019802	187	0.957219	0.576538	712	0.342697	0.425000	0.416572	
729	0.320988	131	0.030534	140	0.971429	0.576538	729	0.320988	0.374000	0.416077	
693	0.401154	138	0.043478	169	0.958580	0.576538	693	0.401154	0.446000	0.416421	
699	0.250358	134	0.007463	167	0.976048	0.801762	699	0.250358	0.339000	0.415541	
600	0.158333	156	0.019231	244	0.979508	0.801762	600	0.158333	0.337000	0.414658	
750	0.416000	100	0.040000	150	0.960000	0.529993	750	0.416000	0.460000	0.415162	
593	0.242833	154	0.019481	253	0.960474	0.728651	593	0.242833	0.390000	0.414886	
613	0.270799	132	0.015152	255	0.941176	0.728651	613	0.270799	0.408000	0.414811	
708	0.289548	128	0.039062	164	0.908537	0.728651	708	0.289548	0.359000	0.414211	
716	0.273743	125	0.032000	159	0.949686	0.728651	716	0.273743	0.351000	0.413538	
699	0.301860	122	0.016393	179	0.932961	0.728651	699	0.301860	0.380000	0.413185	
630	0.238095	136	0.000000	234	0.876068	0.728651	630	0.238095	0.355000	0.412579	
661	0.251135	126	0.000000	213	0.910798	0.728651	661	0.251135	0.360000	0.412037	
700	0.251429	101	0.000000	199	0.909548	0.728651	700	0.251429	0.357000	0.411475	
656	0.257622	134	0.007463	210	0.985714	0.728651	656	0.257622	0.377000	0.411127	
709	0.300423	107	0.028037	184	0.978261	0.728651	709	0.300423	0.396000	0.410976	
625	0.260800	150	0.026667	225	0.942222	0.728651	625	0.260800	0.379000	0.410659	
674	0.267062	111	0.000000	215	0.967442	0.728651	674	0.267062	0.388000	0.410437	
662	0.270393	113	0.008850	225	0.946667	0.728651	662	0.270393	0.393000	0.410268	
662	0.267372	125	0.024000	213	0.953052	0.728651	662	0.267372	0.383000	0.410006	
653	0.294028	122	0.000000	225	0.977778	0.728651	653	0.294028	0.412000	0.410025	
666	0.291291	127	0.000000	207	0.975845	0.728651	666	0.291291	0.396000	0.409892	
722	0.288089	108	0.037037	170	0.988235	0.728651	722	0.288089	0.380000	0.409613	
695	0.271942	128	0.039062	177	0.988701	0.728651	695	0.271942	0.369000	0.409237	
691	0.283647	107	0.018692	202	1.000000	0.728651	691	0.283647	0.400000	0.409152	
682	0.277126	123	0.000000	195	0.984615	0.728651	682	0.277126	0.381000	0.408896	
688	0.296512	127	0.023622	185	0.994595	0.728651	688	0.296512	0.391000	0.408735	
711	0.281294	127	0.007874	162	0.981481	0.728651	711	0.281294	0.360000	0.408300	
736	0.298913	105	0.019048	159	0.981132	0.728651	736	0.298913	0.378000	0.408032	
689	0.264151	140	0.028571	171	0.982456	0.728651	689	0.264151	0.354000	0.407558	
730	0.286301	104	0.028846	166	1.000000	0.728651	730	0.286301	0.378000	0.407301	
654	0.272171	138	0.072464	208	0.971154	0.728651	654	0.272171	0.390000	0.407152	
659	0.282246	116	0.008621	225	0.995556	0.728651	659	0.282246	0.411000	0.407185	
679	0.282769	138	0.014493	183	1.000000	0.728651	679	0.282769	0.377000	0.406929	
719	0.301808	132	0.015152	149	0.979866	0.728651	719	0.301808	0.365000	0.406576	
707	0.285714	129	0.038760	164	0.975610	0.728651	707	0.285714	0.367000	0.406247	
678	0.266962	120	0.025000	202	0.975248	0.728651	678	0.266962	0.381000	0.406038	
660	0.278788	135	0.007407	205	0.965854	0.728651	660	0.278788	0.383000	0.405849	
706	0.297450	125	0.032000	169	0.946746	0.728651	706	0.297450	0.374000	0.405590	
709	0.275035	117	0.051282	174	0.977011	0.728651	709	0.275035	0.371000	0.405311	
707	0.333805	132	0.000000	161	0.950311	0.728651	707	0.333805	0.389000	0.405181	
671	0.284650	133	0.015038	196	0.959184	0.728651	671	0.284650	0.381000	0.404989	
697	0.315638	121	0.000000	182	0.983516	0.728651	697	0.315638	0.399000	0.404942	
682	0.293255	103	0.000000	215	0.962791	0.728651	682	0.293255	0.407000	0.404958	
672	0.333333	121	0.016529	207	0.985507	0.728651	672	0.333333	0.430000	0.405152	
676	0.329882	104	0.000000	220	0.909091	0.728651	676	0.329882	0.423000	0.405289	
665	0.308271	102	0.019608	233	0.965665	0.728651	665	0.308271	0.432000	0.405493	
705	0.326241	112	0.000000	183	0.978142	0.728651	705	0.326241	0.409000	0.405520	
676	0.337278	91	0.021978	233	0.974249	0.728651	676	0.337278	0.457000	0.405907	
695	0.287770	102	0.000000	203	0.955665	0.728651	695	0.287770	0.394000	0.405818	
663	0.280543	104	0.009615	233	0.952790	0.728651	663	0.280543	0.409000	0.405841	
686	0.243440	90	0.044444	224	0.950893	0.728651	686	0.243440	0.384000	0.405681	
734	0.283379	111	0.027027	155	0.974194	0.728651	734	0.283379	0.362000	0.405362	
685	0.309489	111	0.000000	204	0.926471	0.728651	685	0.309489	0.401000	0.405330	
657	0.246575	105	0.009524	238	0.974790	0.728651	657	0.246575	0.395000	0.405256	
692	0.238439	76	0.013158	232	0.969828	0.728651	692	0.238439	0.391000	0.405154	
693	0.316017	102	0.000000	205	0.960976	0.728651	693	0.316017	0.416000	0.405231	
662	0.297583	106	0.000000	232	0.974138	0.728651	662	0.297583	0.423000	0.405356	
654	0.307339	116	0.000000	230	0.965217	0.728651	654	0.307339	0.423000	0.405480	
646	0.323529	112	0.000000	242	0.942149	0.728651	646	0.323529	0.437000	0.405699	
654	0.308869	103	0.029126	243	0.962963	0.728651	654	0.308869	0.439000	0.405928	
721	0.278779	101	0.019802	178	0.960674	0.728651	721	0.278779	0.374000	0.405710	
742	0.280323	105	0.019048	153	0.980392	0.728651	742	0.280323	0.360000	0.405399	
758	0.258575	97	0.020619	145	0.896552	0.728651	758	0.258575	0.328000	0.404876	
765	0.243137	92	0.000000	143	0.965035	0.728651	765	0.243137	0.324000	0.404333	
720	0.286111	93	0.021505	187	0.941176	0.728651	720	0.286111	0.384000	0.404197	
753	0.264276	96	0.020833	151	0.801325	0.728651	753	0.264276	0.322000	0.403653	
694	0.279539	100	0.010000	206	0.975728	0.728651	694	0.279539	0.396000	0.403603	
660	0.301515	102	0.019608	238	0.920168	0.728651	660	0.301515	0.420000	0.403710	
657	0.371385	99	0.000000	244	0.954918	0.728651	657	0.371385	0.477000	0.404186	
680	0.342647	101	0.000000	219	0.977169	0.728651	680	0.342647	0.447000	0.404462	
696	0.316092	86	0.000000	218	0.986239	0.728651	696	0.316092	0.435000	0.404658	
688	0.292151	86	0.023256	226	0.920354	0.728651	688	0.292151	0.411000	0.404698	
674	0.278932	116	0.000000	210	0.961905	0.728651	674	0.278932	0.390000	0.404605	
671	0.292101	107	0.000000	222	0.977477	0.728651	671	0.292101	0.413000	0.404658	
680	0.260294	97	0.030928	223	0.986547	0.728651	680	0.260294	0.400000	0.404629	
685	0.213139	74	0.013514	241	0.958506	0.728651	685	0.213139	0.378000	0.404463	
651	0.282642	105	0.000000	244	0.922131	0.728651	651	0.282642	0.409000	0.404491	
670	0.337313	104	0.000000	226	0.977876	0.728651	670	0.337313	0.447000	0.404752	
674	0.323442	111	0.000000	215	0.958140	0.728651	674	0.323442	0.424000	0.404869	
695	0.293525	105	0.000000	200	0.985000	0.728651	695	0.293525	0.401000	0.404846	
677	0.323486	112	0.017857	211	0.971564	0.728651	677	0.323486	0.426000	0.404973	
657	0.295282	117	0.000000	226	0.933628	0.728651	657	0.295282	0.405000	0.404974	
682	0.288856	105	0.000000	213	0.929577	0.728651	682	0.288856	0.395000	0.404914	
683	0.308931	113	0.000000	204	0.946078	0.728651	683	0.308931	0.404000	0.404909	
648	0.308642	111	0.000000	241	0.946058	0.728651	648	0.308642	0.428000	0.405045	
682	0.282991	108	0.000000	210	0.947619	0.728651	682	0.282991	0.392000	0.404968	
659	0.311077	108	0.018519	233	0.961373	0.728651	659	0.311077	0.431000	0.405120	
679	0.338733	109	0.000000	212	0.957547	0.728651	679	0.338733	0.433000	0.405281	
666	0.342342	118	0.016949	216	0.944444	0.728651	666	0.342342	0.434000	0.405446	
677	0.336780	109	0.000000	214	0.943925	0.728651	677	0.336780	0.430000	0.405586	
687	0.315866	101	0.019802	212	0.948113	0.728651	687	0.315866	0.420000	0.405668	
667	0.286357	100	0.020000	233	0.965665	0.728651	667	0.286357	0.418000	0.405738	
679	0.287187	101	0.000000	220	0.963636	0.728651	679	0.287187	0.407000	0.405745	
688	0.292151	89	0.011236	223	0.977578	0.728651	688	0.292151	0.420000	0.405825	
667	0.187406	75	0.066667	258	0.984496	0.728651	667	0.187406	0.384000	0.405703	
692	0.312139	115	0.017391	193	0.968912	0.661682	692	0.312139	0.405000	0.405699	
663	0.214178	70	0.014286	267	0.973783	0.661682	663	0.214178	0.403000	0.405685	
659	0.221548	79	0.012658	262	0.969466	0.661682	659	0.221548	0.401000	0.405659	
699	0.293276	82	0.024390	219	0.981735	0.661682	699	0.293276	0.422000	0.405748	
658	0.218845	57	0.035088	285	0.982456	0.661682	658	0.218845	0.426000	0.405857	
576	0.241319	134	0.014925	290	0.951724	0.661682	576	0.241319	0.417000	0.405917	
704	0.355114	137	0.043796	159	0.911950	0.661682	704	0.355114	0.401000	0.405891	
718	0.350975	128	0.015625	154	0.980519	0.661682	718	0.350975	0.405000	0.405886	
722	0.362881	122	0.049180	156	0.974359	0.661682	722	0.362881	0.420000	0.405961	
672	0.284226	115	0.043478	213	0.967136	0.661682	672	0.284226	0.402000	0.405940	
686	0.322157	116	0.017241	198	0.964646	0.661682	686	0.322157	0.414000	0.405982	
704	0.328125	125	0.016000	171	0.970760	0.661682	704	0.328125	0.399000	0.405946	
688	0.316860	121	0.041322	191	0.900524	0.661682	688	0.316860	0.395000	0.405889	
586	0.305461	147	0.000000	267	0.966292	0.661682	586	0.305461	0.437000	0.406049	
625	0.291200	141	0.021277	234	0.901709	0.661682	625	0.291200	0.396000	0.405998	
670	0.323881	145	0.068966	185	0.983784	0.661682	670	0.323881	0.409000	0.406013	
725	0.336552	104	0.038462	171	0.976608	0.661682	725	0.336552	0.415000	0.406059	
746	0.340483	97	0.030928	157	0.974522	0.661682	746	0.340483	0.410000	0.406079	
713	0.300140	102	0.019608	185	0.989189	0.661682	713	0.300140	0.399000	0.406043	
747	0.334672	99	0.010101	154	0.974026	0.661682	747	0.334672	0.401000	0.406018	
767	0.340287	83	0.000000	150	0.973333	0.661682	767	0.340287	0.407000	0.406023	
772	0.336788	79	0.000000	149	0.973154	0.661682	772	0.336788	0.405000	0.406018	
786	0.324427	76	0.000000	138	0.985507	0.661682	786	0.324427	0.391000	0.405944	
740	0.340541	108	0.018519	152	0.953947	0.661682	740	0.340541	0.399000	0.405910	
764	0.314136	90	0.022222	146	0.965753	0.661682	764	0.314136	0.383000	0.405798	
677	0.305761	120	0.008333	203	0.975369	0.661682	677	0.305761	0.406000	0.405799	
611	0.333879	115	0.000000	274	0.945255	0.661682	611	0.333879	0.463000	0.406075	
632	0.333861	92	0.000000	276	0.960145	0.661682	632	0.333861	0.476000	0.406412	
695	0.317986	112	0.026786	193	0.854922	0.661682	695	0.317986	0.389000	0.406328	
717	0.326360	95	0.010526	188	0.941489	0.661682	717	0.326360	0.412000	0.406355	
644	0.290373	118	0.033898	238	0.949580	0.661682	644	0.290373	0.417000	0.406406	
647	0.355487	110	0.000000	243	0.987654	0.661682	647	0.355487	0.470000	0.406706	
656	0.346037	113	0.000000	231	0.961039	0.661682	656	0.346037	0.449000	0.406904	
660	0.316667	112	0.000000	228	0.978070	0.661682	660	0.316667	0.432000	0.407021	
652	0.332822	103	0.000000	245	0.938776	0.661682	652	0.332822	0.447000	0.407207	
658	0.337386	100	0.000000	242	0.975207	0.661682	658	0.337386	0.458000	0.407443	
636	0.319182	106	0.000000	258	0.953488	0.661682	636	0.319182	0.449000	0.407634	
630	0.296825	119	0.000000	251	0.948207	0.661682	630	0.296825	0.425000	0.407714	
639	0.344288	115	0.000000	246	0.853659	0.661682	639	0.344288	0.430000	0.407815	
609	0.318555	119	0.000000	272	0.915441	0.661682	609	0.318555	0.443000	0.407975	
627	0.291866	111	0.000000	262	0.958015	0.661682	627	0.291866	0.434000	0.408093	
635	0.234646	87	0.011494	278	0.971223	0.661682	635	0.234646	0.420000	0.408147	
624	0.233974	95	0.010526	281	0.992883	0.661682	624	0.233974	0.426000	0.408227	
665	0.323308	110	0.000000	225	0.991111	0.661682	665	0.323308	0.438000	0.408360	
654	0.342508	116	0.000000	230	0.965217	0.661682	654	0.342508	0.446000	0.408527	
643	0.318818	125	0.000000	232	0.969828	0.661682	643	0.318818	0.430000	0.408622	
655	0.338931	127	0.000000	218	0.981651	0.661682	655	0.338931	0.436000	0.408743	
679	0.300442	108	0.000000	213	0.981221	0.661682	679	0.300442	0.413000	0.408761	
653	0.300153	100	0.000000	247	0.995951	0.661682	653	0.300153	0.442000	0.408907	
635	0.318110	102	0.000000	263	0.980989	0.661682	635	0.318110	0.460000	0.409129	
665	0.333835	110	0.000000	225	0.986667	0.661682	665	0.333835	0.444000	0.409280	
635	0.308661	117	0.000000	248	0.963710	0.661682	635	0.308661	0.435000	0.409390	
623	0.306581	117	0.000000	260	0.961538	0.661682	623	0.306581	0.441000	0.409526	
637	0.279435	94	0.031915	269	0.929368	0.661682	637	0.279435	0.431000	0.409618	
615	0.300813	116	0.008621	269	0.940520	0.661682	615	0.300813	0.439000	0.409743	
651	0.342550	122	0.008197	227	0.951542	0.661682	651	0.342550	0.440000	0.409871	
741	0.365722	93	0.021505	166	0.981928	0.661682	741	0.365722	0.436000	0.409981	
761	0.371879	84	0.000000	155	0.967742	0.661682	761	0.371879	0.433000	0.410078	
659	0.332322	102	0.009804	239	0.966527	0.661682	659	0.332322	0.451000	0.410249	
710	0.383099	107	0.018692	183	0.950820	0.661682	710	0.383099	0.448000	0.410407	
693	0.304473	100	0.040000	207	0.937198	0.661682	693	0.304473	0.409000	0.410401	
646	0.331269	119	0.016807	235	0.902128	0.661682	646	0.331269	0.428000	0.410474	
652	0.334356	109	0.000000	239	0.916318	0.661682	652	0.334356	0.437000	0.410583	
612	0.305556	104	0.009615	284	0.922535	0.661682	612	0.305556	0.450000	0.410744	
638	0.296238	97	0.010309	265	0.954717	0.661682	638	0.296238	0.443000	0.410876	
636	0.298742	107	0.000000	257	0.968872	0.661682	636	0.298742	0.439000	0.410990	
601	0.311148	126	0.000000	273	0.989011	0.661682	601	0.311148	0.457000	0.411176	
666	0.324324	104	0.000000	230	0.969565	0.661682	666	0.324324	0.439000	0.411289	
653	0.318530	101	0.000000	246	0.991870	0.661682	653	0.318530	0.452000	0.411452	
630	0.317460	126	0.000000	244	0.983607	0.661682	630	0.317460	0.440000	0.411566	
691	0.324168	110	0.000000	199	0.984925	0.661682	691	0.324168	0.420000	0.411600	
635	0.314961	114	0.017544	251	0.988048	0.661682	635	0.314961	0.450000	0.411752	
586	0.213311	98	0.040816	316	0.981013	0.661682	586	0.213311	0.439000	0.411860	
676	0.266272	97	0.020619	227	0.969163	0.661682	676	0.266272	0.402000	0.411821	
735	0.310204	97	0.010309	168	0.958333	0.661682	735	0.310204	0.390000	0.411736	
710	0.315493	103	0.009709	187	0.898396	0.661682	710	0.315493	0.393000	0.411662	
633	0.260664	96	0.020833	271	0.904059	0.661682	633	0.260664	0.412000	0.411664	
665	0.327820	87	0.000000	248	0.967742	0.661682	665	0.327820	0.458000	0.411843	
645	0.316279	111	0.000000	244	0.963115	0.661682	645	0.316279	0.439000	0.411948	
642	0.292835	123	0.000000	235	0.897872	0.661682	642	0.292835	0.399000	0.411898	
661	0.357035	113	0.000000	226	0.973451	0.661682	661	0.357035	0.456000	0.412067	
661	0.325265	99	0.000000	240	0.962500	0.661682	661	0.325265	0.446000	0.412197	
625	0.304000	110	0.000000	265	0.928302	0.661682	625	0.304000	0.436000	0.412287	
644	0.305901	106	0.000000	250	0.936000	0.661682	644	0.305901	0.431000	0.412358	
673	0.312036	115	0.000000	212	0.896226	0.661682	673	0.312036	0.400000	0.412312	
649	0.303544	112	0.000000	239	0.945607	0.661682	649	0.303544	0.423000	0.412352	
642	0.338006	89	0.000000	269	0.962825	0.661682	642	0.338006	0.476000	0.412590	
652	0.302147	116	0.000000	232	0.943966	0.661682	652	0.302147	0.416000	0.412603	
615	0.307317	117	0.000000	268	0.932836	0.661682	615	0.307317	0.439000	0.412701	
663	0.318250	93	0.000000	244	0.971311	0.661682	663	0.318250	0.448000	0.412832	
630	0.300000	116	0.000000	254	0.964567	0.661682	630	0.300000	0.434000	0.412910	
648	0.307099	93	0.000000	259	0.965251	0.661682	648	0.307099	0.449000	0.413043	
661	0.284418	93	0.000000	246	0.873984	0.661682	661	0.284418	0.403000	0.413006	
676	0.341716	118	0.000000	206	0.898058	0.661682	676	0.341716	0.416000	0.413017	
642	0.322430	102	0.000000	256	0.890625	0.661682	642	0.322430	0.435000	0.413097	
651	0.321045	107	0.000000	242	0.933884	0.661682	651	0.321045	0.435000	0.413176	
661	0.313162	91	0.000000	248	0.943548	0.661682	661	0.313162	0.441000	0.413276	
656	0.332317	90	0.000000	254	0.968504	0.661682	656	0.332317	0.464000	0.413459	
627	0.314195	117	0.017094	256	0.945312	0.661682	627	0.314195	0.441000	0.413558	
653	0.320061	106	0.018868	241	0.937759	0.661682	653	0.320061	0.437000	0.413641	
662	0.351964	98	0.000000	240	0.975000	0.661682	662	0.351964	0.467000	0.413831	
604	0.317881	124	0.000000	272	0.952206	0.661682	604	0.317881	0.451000	0.413963	
658	0.310030	110	0.000000	232	0.965517	0.661682	658	0.310030	0.428000	0.414013	
647	0.302937	117	0.000000	236	0.949153	0.661682	647	0.302937	0.420000	0.414034	
631	0.331220	112	0.000000	257	0.941634	0.661682	631	0.331220	0.451000	0.414163	
619	0.255250	126	0.000000	255	0.905882	0.661682	619	0.255250	0.389000	0.414075	
665	0.308271	105	0.000000	230	0.917391	0.661682	665	0.308271	0.416000	0.414082	
654	0.299694	94	0.000000	252	0.948413	0.661682	654	0.299694	0.435000	0.414155	
685	0.280292	90	0.000000	225	0.973333	0.661682	685	0.280292	0.411000	0.414144	
687	0.315866	109	0.009174	204	0.950980	0.661682	687	0.315866	0.412000	0.414137	
690	0.291304	107	0.018692	203	0.940887	0.661682	690	0.291304	0.394000	0.414067	
766	0.340731	85	0.000000	149	0.932886	0.661682	766	0.340731	0.400000	0.414019	
776	0.323454	86	0.000000	138	0.949275	0.661682	776	0.323454	0.382000	0.413910	
751	0.312916	92	0.010870	157	0.980892	0.661682	751	0.312916	0.390000	0.413829	
764	0.316754	83	0.012048	153	0.947712	0.661682	764	0.316754	0.388000	0.413741	
741	0.311741	92	0.000000	167	0.946108	0.661682	741	0.311741	0.389000	0.413657	
751	0.328895	102	0.009804	147	0.965986	0.661682	751	0.328895	0.390000	0.413578	
732	0.357923	104	0.009615	164	0.963415	0.661682	732	0.357923	0.421000	0.413603	
756	0.322751	87	0.000000	157	0.910828	0.661682	756	0.322751	0.387000	0.413514	
748	0.322193	93	0.010753	159	0.911950	0.661682	748	0.322193	0.387000	0.413425	
749	0.355140	103	0.000000	148	0.925676	0.661682	749	0.355140	0.403000	0.413391	
703	0.330014	127	0.031496	170	0.952941	0.661682	703	0.330014	0.398000	0.413340	
671	0.281669	158	0.006329	171	0.900585	0.661682	671	0.281669	0.344000	0.413111	
719	0.311544	115	0.034783	166	0.861446	0.661682	719	0.311544	0.371000	0.412972	
729	0.312757	110	0.027273	161	0.919255	0.661682	729	0.312757	0.379000	0.412861	
713	0.330996	122	0.032787	165	0.921212	0.661682	713	0.330996	0.392000	0.412793	
687	0.368268	127	0.023622	186	0.940860	0.661682	687	0.368268	0.431000	0.412852	
706	0.349858	91	0.065934	203	0.857143	0.661682	706	0.349858	0.427000	0.412898	
741	0.336032	97	0.041237	162	0.814815	0.661682	741	0.336032	0.385000	0.412808	
745	0.350336	110	0.018182	145	0.903448	0.661682	745	0.350336	0.394000	0.412747	
752	0.369681	105	0.038095	143	0.909091	0.661682	752	0.369681	0.412000	0.412745	
725	0.308966	117	0.051282	158	0.803797	0.661682	725	0.308966	0.357000	0.412566	
749	0.345794	100	0.040000	151	0.913907	0.661682	749	0.345794	0.401000	0.412529	
748	0.306150	96	0.020833	156	0.820513	0.661682	748	0.306150	0.359000	0.412359	
672	0.339286	96	0.010417	232	0.887931	0.661682	672	0.339286	0.435000	0.412430	
651	0.341014	103	0.000000	246	0.934959	0.661682	651	0.341014	0.452000	0.412556	
651	0.325653	96	0.000000	253	0.964427	0.661682	651	0.325653	0.456000	0.412693	
656	0.324695	92	0.000000	252	0.976190	0.661682	656	0.324695	0.459000	0.412838	
677	0.323486	95	0.000000	228	0.978070	0.661682	677	0.323486	0.442000	0.412930	
670	0.310448	95	0.000000	235	0.970213	0.661682	670	0.310448	0.436000	0.413002	
646	0.323529	115	0.000000	239	0.987448	0.661682	646	0.323529	0.445000	0.413102	
630	0.330159	115	0.000000	255	0.972549	0.661682	630	0.330159	0.456000	0.413235	
664	0.326807	107	0.000000	229	0.973799	0.661682	664	0.326807	0.440000	0.413318	
667	0.287856	110	0.000000	223	0.959641	0.661682	667	0.287856	0.406000	0.413295	
611	0.278232	113	0.017699	276	0.971014	0.661682	611	0.278232	0.440000	0.413377	
647	0.349304	115	0.000000	238	0.957983	0.661682	647	0.349304	0.454000	0.413502	
658	0.332827	126	0.000000	216	0.949074	0.661682	658	0.332827	0.424000	0.413534	
656	0.307927	111	0.000000	233	0.952790	0.661682	656	0.307927	0.424000	0.413566	
666	0.331832	101	0.000000	233	0.974249	0.661682	666	0.331832	0.448000	0.413670	
665	0.345865	110	0.000000	225	0.982222	0.661682	665	0.345865	0.451000	0.413784	
676	0.292899	104	0.000000	220	0.977273	0.661682	676	0.292899	0.413000	0.413781	
638	0.313480	108	0.000000	254	0.901575	0.661682	638	0.313480	0.429000	0.413827	
624	0.304487	122	0.000000	254	0.940945	0.661682	624	0.304487	0.429000	0.413873	
647	0.296754	112	0.000000	241	0.929461	0.661682	647	0.296754	0.416000	0.413879	
636	0.330189	108	0.000000	256	0.960938	0.661682	636	0.330189	0.456000	0.414005	
640	0.273438	117	0.000000	243	0.942387	0.661682	640	0.273438	0.404000	0.413975	
660	0.321212	114	0.000000	226	0.960177	0.661682	660	0.321212	0.429000	0.414020	
655	0.279389	117	0.000000	228	0.921053	0.661682	655	0.279389	0.393000	0.413957	
595	0.287395	115	0.000000	290	0.948276	0.661682	595	0.287395	0.446000	0.414052	
658	0.306991	97	0.020619	245	0.959184	0.661682	658	0.306991	0.439000	0.414125	
645	0.306977	114	0.017544	241	0.979253	0.661682	645	0.306977	0.436000	0.414189	
737	0.364993	104	0.019231	159	0.918239	0.661682	737	0.364993	0.417000	0.414198	
696	0.251437	89	0.011236	215	0.893023	0.661682	696	0.251437	0.368000	0.414063	
728	0.266484	76	0.013158	196	0.933673	0.661682	728	0.266484	0.378000	0.413958	
728	0.252747	80	0.012500	192	0.958333	0.661682	728	0.252747	0.369000	0.413828	
758	0.298153	83	0.012048	159	0.943396	0.661682	758	0.298153	0.377000	0.413721	
708	0.264124	108	0.009259	184	0.918478	0.661682	708	0.264124	0.357000	0.413558	
765	0.347712	88	0.000000	147	0.911565	0.661682	765	0.347712	0.400000	0.413519	
763	0.331586	92	0.000000	145	0.924138	0.661682	763	0.331586	0.387000	0.413443	
709	0.365303	120	0.016667	171	0.976608	0.661682	709	0.365303	0.428000	0.413485	
741	0.353576	86	0.023256	173	0.959538	0.661682	741	0.353576	0.430000	0.413532	
773	0.326003	75	0.000000	152	0.947368	0.661682	773	0.326003	0.396000	0.413482	
771	0.319066	85	0.000000	144	0.861111	0.661682	771	0.319066	0.370000	0.413359	
764	0.284031	99	0.000000	137	0.985401	0.661682	764	0.284031	0.352000	0.413185	
757	0.342140	92	0.021739	151	0.947020	0.661682	757	0.342140	0.404000	0.413159	
732	0.292350	95	0.021053	173	0.965318	0.661682	732	0.292350	0.383000	0.413075	
710	0.311268	104	0.009615	186	0.919355	0.661682	710	0.311268	0.393000	0.413018	
635	0.225197	84	0.011905	281	0.950178	0.661682	635	0.225197	0.411000	0.413013	
586	0.168942	80	0.000000	334	0.889222	0.661682	586	0.168942	0.396000	0.412965	
647	0.338485	102	0.009804	251	0.952191	0.522821	647	0.338485	0.459000	0.413093	
669	0.434978	97	0.000000	234	0.974359	0.522821	669	0.434978	0.519000	0.413387	
634	0.173502	110	0.000000	256	0.988281	0.925539	634	0.173502	0.363000	0.413247	
666	0.441441	102	0.000000	232	0.943966	0.523364	666	0.441441	0.513000	0.413522	
654	0.189602	112	0.000000	234	0.965812	0.921111	654	0.189602	0.350000	0.413348	
595	0.176471	117	0.017094	288	0.920139	0.834869	595	0.176471	0.372000	0.413234	
581	0.254733	138	0.000000	281	0.967972	0.800406	581	0.254733	0.420000	0.413253	
626	0.273163	126	0.000000	248	0.963710	0.800406	626	0.273163	0.410000	0.413244	
641	0.273011	110	0.000000	249	0.975904	0.800406	641	0.273011	0.418000	0.413257	
609	0.243021	101	0.000000	290	0.944828	0.800406	609	0.243021	0.422000	0.413281	
610	0.195082	105	0.000000	285	0.926316	0.800406	610	0.195082	0.383000	0.413199	
672	0.494048	84	0.000000	244	0.946721	0.434489	672	0.494048	0.563000	0.413603	
617	0.191248	103	0.000000	280	0.946429	0.833904	617	0.191248	0.383000	0.413520	
670	0.488060	104	0.000000	226	0.946903	0.466179	670	0.488060	0.541000	0.413862	
658	0.279635	105	0.000000	237	0.953586	0.697773	658	0.279635	0.410000	0.413852	
645	0.319380	120	0.000000	235	0.982979	0.697773	645	0.319380	0.437000	0.413914	
632	0.302215	133	0.015038	235	0.965957	0.697773	632	0.302215	0.420000	0.413930	
646	0.304954	106	0.000000	248	0.975806	0.697773	646	0.304954	0.439000	0.413996	
627	0.274322	117	0.000000	256	0.992188	0.697773	627	0.274322	0.426000	0.414028	
646	0.297214	108	0.000000	246	0.971545	0.697773	646	0.297214	0.431000	0.414073	
636	0.251572	101	0.000000	263	0.969582	0.697773	636	0.251572	0.415000	0.414075	
683	0.304539	92	0.000000	225	0.964444	0.697773	683	0.304539	0.425000	0.414104	
665	0.308271	107	0.000000	228	0.969298	0.697773	665	0.308271	0.426000	0.414135	
659	0.261002	115	0.000000	226	0.977876	0.697773	659	0.261002	0.393000	0.414080	
666	0.276276	112	0.000000	222	0.968468	0.697773	666	0.276276	0.399000	0.414041	
660	0.325758	107	0.000000	233	0.978541	0.697773	660	0.325758	0.443000	0.414116	
629	0.271860	127	0.000000	244	0.913934	0.697773	629	0.271860	0.394000	0.414064	
641	0.315133	116	0.000000	243	0.954733	0.697773	641	0.315133	0.434000	0.414115	
645	0.288372	119	0.000000	236	0.983051	0.697773	645	0.288372	0.418000	0.414125	
639	0.278560	119	0.000000	242	0.913223	0.697773	639	0.278560	0.399000	0.414086	
638	0.253918	114	0.000000	248	0.927419	0.697773	638	0.253918	0.392000	0.414030	
623	0.309791	123	0.000000	254	0.933071	0.697773	623	0.309791	0.430000	0.414071	
652	0.271472	107	0.000000	241	0.946058	0.697773	652	0.271472	0.405000	0.414047	
649	0.309707	103	0.000000	248	0.959677	0.697773	649	0.309707	0.439000	0.414111	
635	0.280315	120	0.000000	245	0.987755	0.697773	635	0.280315	0.420000	0.414126	
644	0.291925	108	0.000000	248	0.959677	0.697773	644	0.291925	0.426000	0.414156	
639	0.319249	127	0.000000	234	0.965812	0.697773	639	0.319249	0.430000	0.414196	
648	0.270062	114	0.000000	238	0.949580	0.697773	648	0.270062	0.401000	0.414163	
618	0.300971	119	0.000000	263	0.935361	0.697773	618	0.300971	0.432000	0.414208	
635	0.275591	119	0.000000	246	0.930894	0.697773	635	0.275591	0.404000	0.414182	
640	0.295312	96	0.000000	264	0.950758	0.697773	640	0.295312	0.440000	0.414246	
633	0.276461	112	0.000000	255	0.964706	0.697773	633	0.276461	0.421000	0.414263	
649	0.272727	110	0.000000	241	0.954357	0.697773	649	0.272727	0.407000	0.414245	
667	0.268366	128	0.000000	205	0.946341	0.697773	667	0.268366	0.373000	0.414143	
674	0.305638	95	0.000000	231	0.948052	0.697773	674	0.305638	0.425000	0.414170	
650	0.296923	106	0.000000	244	0.922131	0.697773	650	0.296923	0.418000	0.414179	
660	0.278788	120	0.000000	220	0.945455	0.697773	660	0.278788	0.392000	0.414125	
635	0.278740	113	0.000000	252	0.968254	0.697773	635	0.278740	0.421000	0.414141	
645	0.319380	110	0.000000	245	0.959184	0.697773	645	0.319380	0.441000	0.414207	
631	0.255151	101	0.000000	268	0.962687	0.697773	631	0.255151	0.419000	0.414219	
658	0.303951	95	0.000000	247	0.983806	0.697773	658	0.303951	0.443000	0.414289	
665	0.279699	122	0.000000	213	0.976526	0.697773	665	0.279699	0.394000	0.414240	
632	0.281646	109	0.000000	259	0.976834	0.697773	632	0.281646	0.431000	0.414281	
646	0.295666	112	0.000000	242	0.979339	0.697773	646	0.295666	0.428000	0.414314	
633	0.278041	115	0.000000	252	0.960317	0.697773	633	0.278041	0.418000	0.414323	
626	0.311502	112	0.000000	262	0.927481	0.697773	626	0.311502	0.438000	0.414380	
640	0.304688	105	0.000000	255	0.960784	0.697773	640	0.304688	0.440000	0.414441	
661	0.267776	119	0.000000	220	0.945455	0.697773	661	0.267776	0.385000	0.414371	
643	0.256610	114	0.000000	243	0.946502	0.697773	643	0.256610	0.395000	0.414324	
640	0.296875	104	0.000000	256	0.949219	0.697773	640	0.296875	0.433000	0.414369	
656	0.300305	96	0.000000	248	0.971774	0.697773	656	0.300305	0.438000	0.414425	
625	0.320000	134	0.000000	241	0.954357	0.697773	625	0.320000	0.430000	0.414462	
651	0.310292	114	0.000000	235	0.982979	0.697773	651	0.310292	0.433000	0.414506	
676	0.297337	96	0.000000	228	0.956140	0.697773	676	0.297337	0.419000	0.414517	
704	0.338068	95	0.010526	201	0.920398	0.697773	704	0.338068	0.424000	0.414539	
657	0.330289	110	0.009091	233	0.931330	0.697773	657	0.330289	0.435000	0.414587	
599	0.300501	123	0.000000	278	0.978417	0.697773	599	0.300501	0.452000	0.414675	
646	0.306502	113	0.000000	241	0.962656	0.697773	646	0.306502	0.430000	0.414711	
656	0.336890	110	0.000000	234	0.970085	0.697773	656	0.336890	0.448000	0.414789	
624	0.270833	109	0.000000	267	0.947566	0.697773	624	0.270833	0.422000	0.414806	
628	0.256369	87	0.000000	285	0.933333	0.697773	628	0.256369	0.427000	0.414834	
623	0.316212	119	0.000000	258	0.949612	0.697773	623	0.316212	0.442000	0.414897	
624	0.326923	105	0.000000	271	0.929889	0.697773	624	0.326923	0.456000	0.414992	
610	0.301639	123	0.000000	267	0.898876	0.697773	610	0.301639	0.424000	0.415013	
657	0.269406	79	0.000000	264	0.920455	0.697773	657	0.269406	0.420000	0.415024	
645	0.282171	106	0.000000	249	0.923695	0.697773	645	0.282171	0.412000	0.415017	
651	0.279570	107	0.000000	242	0.983471	0.697773	651	0.279570	0.420000	0.415029	
640	0.264062	111	0.000000	249	0.939759	0.697773	640	0.264062	0.403000	0.415001	
714	0.326331	90	0.011111	196	0.923469	0.697773	714	0.326331	0.415000	0.415001	
707	0.308345	93	0.010753	200	0.965000	0.697773	707	0.308345	0.412000	0.414994	
651	0.299539	105	0.000000	244	0.942623	0.697773	651	0.299539	0.425000	0.415017	
634	0.302839	118	0.000000	248	0.963710	0.697773	634	0.302839	0.431000	0.415053	
612	0.321895	118	0.000000	270	0.985185	0.697773	612	0.321895	0.463000	0.415162	
630	0.300000	123	0.008130	247	0.906883	0.697773	630	0.300000	0.414000	0.415159	
658	0.246201	106	0.009434	236	0.927966	0.697773	658	0.246201	0.382000	0.415085	
651	0.284178	120	0.000000	229	0.934498	0.697773	651	0.284178	0.399000	0.415049	
665	0.293233	101	0.000000	234	0.978632	0.697773	665	0.293233	0.424000	0.415069	
632	0.305380	91	0.000000	277	0.942238	0.697773	632	0.305380	0.454000	0.415156	
661	0.301059	81	0.000000	258	0.957364	0.697773	661	0.301059	0.446000	0.415225	
638	0.272727	105	0.000000	257	0.922179	0.697773	638	0.272727	0.411000	0.415215	
647	0.275116	88	0.011364	265	0.875472	0.697773	647	0.275116	0.411000	0.415206	
611	0.165303	69	0.014493	320	0.918750	0.697773	611	0.165303	0.396000	0.415163	
665	0.442105	92	0.000000	243	0.905350	0.490981	665	0.442105	0.514000	0.415382	
639	0.244131	117	0.000000	244	0.942623	0.740026	639	0.244131	0.386000	0.415317	
629	0.279809	118	0.016949	253	0.972332	0.740026	629	0.279809	0.424000	0.415336	
650	0.240000	112	0.017857	238	0.949580	0.740026	650	0.240000	0.384000	0.415267	
634	0.263407	109	0.000000	257	0.922179	0.740026	634	0.263407	0.404000	0.415243	
659	0.283763	97	0.000000	244	0.963115	0.740026	659	0.283763	0.422000	0.415257	
630	0.252381	100	0.000000	270	0.962963	0.740026	630	0.252381	0.419000	0.415265	
616	0.256494	115	0.000000	269	0.903346	0.740026	616	0.256494	0.401000	0.415234	
603	0.248756	121	0.000000	276	0.902174	0.740026	603	0.248756	0.399000	0.415199	
637	0.282575	121	0.000000	242	0.962810	0.740026	637	0.282575	0.413000	0.415194	
632	0.278481	113	0.000000	255	0.956863	0.740026	632	0.278481	0.420000	0.415205	
645	0.249612	110	0.000000	245	0.934694	0.740026	645	0.249612	0.390000	0.415150	
648	0.237654	104	0.000000	248	0.951613	0.740026	648	0.237654	0.390000	0.415096	
673	0.279346	91	0.000000	236	0.949153	0.740026	673	0.279346	0.412000	0.415089	
674	0.264095	89	0.000000	237	0.957806	0.740026	674	0.264095	0.405000	0.415068	
643	0.289269	106	0.000000	251	1.000000	0.740026	643	0.289269	0.437000	0.415115	
654	0.301223	120	0.000000	226	0.969027	0.740026	654	0.301223	0.416000	0.415117	
628	0.238854	103	0.009709	269	0.955390	0.740026	628	0.238854	0.408000	0.415101	
618	0.286408	123	0.008130	259	0.938224	0.740026	618	0.286408	0.421000	0.415114	
652	0.259202	109	0.000000	239	0.958159	0.740026	652	0.259202	0.398000	0.415078	
652	0.245399	120	0.000000	228	0.956140	0.740026	652	0.245399	0.378000	0.414999	
665	0.261654	107	0.000000	228	0.925439	0.740026	665	0.261654	0.385000	0.414936	
614	0.247557	118	0.016949	268	0.876866	0.740026	614	0.247557	0.389000	0.414881	
639	0.284820	127	0.015748	234	0.961538	0.740026	639	0.284820	0.409000	0.414869	
622	0.266881	109	0.000000	269	0.936803	0.740026	622	0.266881	0.418000	0.414875	
660	0.253030	105	0.000000	235	0.872340	0.740026	660	0.253030	0.372000	0.414785	
658	0.241641	101	0.000000	241	0.966805	0.740026	658	0.241641	0.392000	0.414738	
634	0.268139	104	0.000000	262	0.961832	0.740026	634	0.268139	0.422000	0.414753	
648	0.288580	97	0.041237	255	0.956863	0.740026	648	0.288580	0.435000	0.414795	
656	0.280488	103	0.000000	241	0.954357	0.740026	656	0.280488	0.414000	0.414793	
669	0.309417	108	0.000000	223	0.982063	0.740026	669	0.309417	0.426000	0.414817	
658	0.270517	90	0.022222	252	0.932540	0.740026	658	0.270517	0.415000	0.414817	
697	0.311334	91	0.065934	212	0.919811	0.740026	697	0.311334	0.418000	0.414824	
740	0.263514	96	0.031250	164	0.957317	0.740026	740	0.263514	0.355000	0.414700	
742	0.242588	92	0.021739	166	0.981928	0.740026	742	0.242588	0.345000	0.414557	
704	0.279830	110	0.018182	186	0.967742	0.740026	704	0.279830	0.379000	0.414484	
692	0.226879	92	0.021739	216	0.967593	0.740026	692	0.226879	0.368000	0.414388	
723	0.266943	97	0.030928	180	0.944444	0.740026	723	0.266943	0.366000	0.414290	
687	0.275109	86	0.000000	227	0.947137	0.740026	687	0.275109	0.404000	0.414269	
625	0.256000	113	0.000000	262	0.973282	0.740026	625	0.256000	0.415000	0.414270	
676	0.272189	91	0.000000	233	0.927039	0.740026	676	0.272189	0.400000	0.414241	
641	0.238690	118	0.008475	241	0.900415	0.740026	641	0.238690	0.371000	0.414153	
689	0.278665	124	0.016129	187	0.962567	0.740026	689	0.278665	0.374000	0.414072	
695	0.294964	114	0.017544	191	0.963351	0.740026	695	0.294964	0.391000	0.414025	
684	0.312865	120	0.008333	196	0.959184	0.740026	684	0.312865	0.403000	0.414003	
668	0.215569	89	0.000000	243	0.950617	0.740026	668	0.215569	0.375000	0.413925	
617	0.191248	109	0.000000	274	0.894161	0.740026	617	0.191248	0.363000	0.413822	
644	0.388199	110	0.000000	246	0.939024	0.500816	644	0.388199	0.481000	0.413957	
652	0.386503	103	0.000000	245	0.967347	0.500816	652	0.386503	0.489000	0.414107	
654	0.396024	107	0.000000	239	0.933054	0.500816	654	0.396024	0.482000	0.414243	
669	0.426009	122	0.000000	209	0.952153	0.500816	669	0.426009	0.484000	0.414382	
681	0.345081	106	0.000000	213	0.948357	0.606553	681	0.345081	0.437000	0.414427	
665	0.317293	106	0.000000	229	0.973799	0.606553	665	0.317293	0.434000	0.414465	
655	0.283969	111	0.018018	234	0.970085	0.606553	655	0.283969	0.415000	0.414467	
621	0.296296	130	0.000000	249	0.895582	0.606553	621	0.296296	0.407000	0.414452	
621	0.331723	131	0.000000	248	0.955645	0.606553	621	0.331723	0.443000	0.414508	
624	0.314103	138	0.000000	238	0.941176	0.606553	624	0.314103	0.420000	0.414519	
650	0.324615	83	0.000000	267	0.951311	0.606553	650	0.324615	0.465000	0.414618	
639	0.322379	114	0.000000	247	0.979757	0.606553	639	0.322379	0.448000	0.414684	
645	0.303876	102	0.000000	253	0.992095	0.606553	645	0.303876	0.447000	0.414747	
638	0.336991	120	0.000000	242	0.983471	0.606553	638	0.336991	0.453000	0.414821	
664	0.298193	98	0.000000	238	0.983193	0.606553	664	0.298193	0.432000	0.414855	
651	0.305684	102	0.000000	247	0.979757	0.606553	651	0.305684	0.441000	0.414906	
693	0.346320	114	0.008772	193	0.963731	0.606553	693	0.346320	0.427000	0.414929	
706	0.422096	99	0.000000	195	0.917949	0.606553	706	0.422096	0.477000	0.415050	
702	0.108262	106	0.018868	192	0.953125	1.190560	702	0.108262	0.261000	0.414752	
758	0.163588	94	0.000000	148	0.966216	1.017917	758	0.163588	0.267000	0.414466	
761	0.358739	94	0.000000	145	0.972414	0.678895	761	0.358739	0.414000	0.414465	
779	0.323492	81	0.000000	140	0.964286	0.678895	779	0.323492	0.387000	0.414413	
770	0.292208	101	0.000000	129	0.930233	0.678895	770	0.292208	0.345000	0.414279	
753	0.316069	98	0.000000	149	0.959732	0.678895	753	0.316069	0.381000	0.414216	
743	0.328398	105	0.000000	152	0.940789	0.678895	743	0.328398	0.387000	0.414164	
668	0.257485	120	0.008333	212	0.948113	0.678895	668	0.257485	0.374000	0.414087	
712	0.289326	96	0.010417	192	0.963542	0.678895	712	0.289326	0.392000	0.414045	
743	0.290713	89	0.000000	168	0.892857	0.678895	743	0.290713	0.366000	0.413954	
764	0.297120	103	0.000000	133	0.939850	0.678895	764	0.297120	0.352000	0.413836	
724	0.341160	139	0.000000	137	0.978102	0.678895	724	0.341160	0.381000	0.413774	
749	0.303071	107	0.000000	144	0.881944	0.678895	749	0.303071	0.354000	0.413661	
738	0.319783	103	0.000000	159	0.949686	0.678895	738	0.319783	0.387000	0.413611	
762	0.328084	93	0.000000	145	0.931034	0.678895	762	0.328084	0.385000	0.413557	
756	0.350529	96	0.000000	148	0.966216	0.678895	756	0.350529	0.408000	0.413546	
744	0.329301	107	0.009346	149	0.966443	0.678895	744	0.329301	0.390000	0.413502	
690	0.286957	123	0.024390	187	0.967914	0.678895	690	0.286957	0.382000	0.413443	
722	0.290859	116	0.017241	162	0.962963	0.678895	722	0.290859	0.368000	0.413358	
758	0.299472	96	0.000000	146	0.965753	0.678895	758	0.299472	0.368000	0.413273	
771	0.345006	100	0.000000	129	0.937984	0.678895	771	0.345006	0.387000	0.413225	
739	0.285521	97	0.000000	164	0.926829	0.678895	739	0.285521	0.363000	0.413131	
746	0.272118	98	0.000000	156	0.923077	0.678895	746	0.272118	0.347000	0.413009	
742	0.288410	106	0.018868	152	0.888158	0.678895	742	0.288410	0.351000	0.412894	
756	0.280423	100	0.000000	144	0.972222	0.678895	756	0.280423	0.352000	0.412781	
734	0.317439	88	0.000000	178	0.971910	0.678895	734	0.317439	0.406000	0.412769	
756	0.320106	92	0.000000	152	0.927632	0.678895	756	0.320106	0.383000	0.412714	
754	0.290451	93	0.000000	153	0.888889	0.678895	754	0.290451	0.355000	0.412608	
759	0.325428	91	0.000000	150	0.913333	0.678895	759	0.325428	0.384000	0.412555	
720	0.318056	117	0.000000	163	0.877301	0.678895	720	0.318056	0.372000	0.412481	
766	0.325065	101	0.000000	133	0.977444	0.678895	766	0.325065	0.379000	0.412420	
702	0.259259	131	0.015267	167	0.952096	0.678895	702	0.259259	0.343000	0.412293	
698	0.316619	114	0.000000	188	0.973404	0.678895	698	0.316619	0.404000	0.412278	
694	0.342939	135	0.000000	171	0.906433	0.678895	694	0.342939	0.393000	0.412243	
698	0.352436	125	0.000000	177	0.915254	0.678895	698	0.352436	0.408000	0.412235	
691	0.293777	112	0.026786	197	0.908629	0.678895	691	0.293777	0.385000	0.412186	
646	0.261610	98	0.000000	256	0.960938	0.678895	646	0.261610	0.415000	0.412191	
633	0.285940	110	0.000000	257	0.879377	0.678895	633	0.285940	0.407000	0.412182	
618	0.252427	104	0.000000	278	0.935252	0.678895	618	0.252427	0.416000	0.412188	
633	0.244866	107	0.000000	260	0.980769	0.678895	633	0.244866	0.410000	0.412185	
649	0.254237	102	0.000000	249	0.919679	0.678895	649	0.254237	0.394000	0.412152	
644	0.256211	89	0.000000	267	0.940075	0.678895	644	0.256211	0.416000	0.412159	
620	0.250000	101	0.000000	279	0.971326	0.678895	620	0.250000	0.426000	0.412184	
655	0.247328	111	0.000000	234	0.982906	0.678895	655	0.247328	0.392000	0.412147	
667	0.239880	111	0.000000	222	0.977477	0.678895	667	0.239880	0.377000	0.412085	
646	0.261610	97	0.000000	257	0.953307	0.678895	646	0.261610	0.414000	0.412088	
633	0.289100	97	0.000000	270	0.955556	0.678895	633	0.289100	0.441000	0.412140	
633	0.232227	114	0.017544	253	0.972332	0.678895	633	0.232227	0.395000	0.412109	
640	0.282813	107	0.000000	253	0.964427	0.678895	640	0.282813	0.425000	0.412132	
634	0.282334	124	0.000000	242	0.991736	0.678895	634	0.282334	0.419000	0.412144	
653	0.275651	115	0.000000	232	0.982759	0.678895	653	0.275651	0.408000	0.412137	
644	0.267081	106	0.000000	250	0.980000	0.678895	644	0.267081	0.417000	0.412145	
654	0.241590	107	0.000000	239	0.991632	0.678895	654	0.241590	0.395000	0.412115	
616	0.264610	133	0.000000	251	0.992032	0.678895	616	0.264610	0.412000	0.412115	
631	0.277338	123	0.000000	246	0.979675	0.678895	631	0.277338	0.416000	0.412122	
614	0.263844	111	0.000000	275	0.981818	0.678895	614	0.263844	0.432000	0.412157	
626	0.261981	113	0.000000	261	0.980843	0.678895	626	0.261981	0.420000	0.412170	
636	0.265723	127	0.000000	237	0.957806	0.678895	636	0.265723	0.396000	0.412142	
651	0.282642	105	0.000000	244	0.971311	0.678895	651	0.282642	0.421000	0.412158	
611	0.245499	118	0.008475	271	0.970480	0.678895	611	0.245499	0.414000	0.412161	
624	0.307692	114	0.008772	262	0.969466	0.678895	624	0.307692	0.447000	0.412221	
623	0.264848	111	0.000000	266	0.842105	0.678895	623	0.264848	0.389000	0.412181	
649	0.288136	121	0.000000	230	0.939130	0.678895	649	0.288136	0.403000	0.412165	
626	0.261981	103	0.000000	271	0.963100	0.678895	626	0.261981	0.425000	0.412187	
652	0.259202	113	0.000000	235	0.957447	0.678895	652	0.259202	0.394000	0.412156	
635	0.291339	101	0.000000	264	0.912879	0.678895	635	0.291339	0.426000	0.412180	
650	0.298462	115	0.000000	235	0.957447	0.678895	650	0.298462	0.419000	0.412191	
644	0.260870	119	0.000000	237	0.978903	0.678895	644	0.260870	0.400000	0.412171	
645	0.249612	103	0.000000	252	0.992063	0.678895	645	0.249612	0.411000	0.412169	
645	0.296124	97	0.000000	258	0.976744	0.678895	645	0.296124	0.443000	0.412221	
646	0.252322	110	0.000000	244	0.963115	0.678895	646	0.252322	0.398000	0.412197	
661	0.248109	116	0.000000	223	0.964126	0.678895	661	0.248109	0.379000	0.412140	
626	0.274760	127	0.000000	247	0.947368	0.678895	626	0.274760	0.406000	0.412130	
643	0.259720	101	0.000000	256	0.910156	0.678895	643	0.259720	0.400000	0.412109	
645	0.251163	120	0.016667	235	0.940426	0.678895	645	0.251163	0.385000	0.412064	
615	0.284553	105	0.000000	280	0.967857	0.678895	615	0.284553	0.446000	0.412121	
626	0.258786	110	0.000000	264	0.958333	0.678895	626	0.258786	0.415000	0.412126	
615	0.250407	129	0.000000	256	0.933594	0.678895	615	0.250407	0.393000	0.412094	
618	0.255663	100	0.000000	282	0.925532	0.678895	618	0.255663	0.419000	0.412105	
591	0.233503	118	0.000000	291	0.948454	0.678895	591	0.233503	0.414000	0.412108	
605	0.251240	118	0.000000	277	0.971119	0.678895	605	0.251240	0.421000	0.412123	
664	0.275602	88	0.000000	248	0.971774	0.678895	664	0.275602	0.424000	0.412143	
612	0.240196	107	0.000000	281	0.971530	0.678895	612	0.240196	0.420000	0.412156	
663	0.245852	109	0.000000	228	0.864035	0.678895	663	0.245852	0.360000	0.412069	
603	0.283582	119	0.000000	278	0.899281	0.678895	603	0.283582	0.421000	0.412084	
618	0.292880	104	0.019231	278	0.949640	0.678895	618	0.292880	0.447000	0.412142	
633	0.236967	127	0.015748	240	0.891667	0.678895	633	0.236967	0.366000	0.412066	
615	0.260163	138	0.000000	247	0.951417	0.678895	615	0.260163	0.395000	0.412037	
620	0.254839	120	0.000000	260	0.976923	0.678895	620	0.254839	0.412000	0.412037	
625	0.321600	132	0.000000	243	0.962963	0.678895	625	0.321600	0.435000	0.412075	
608	0.282895	112	0.017857	280	0.971429	0.678895	608	0.282895	0.446000	0.412131	
642	0.241433	97	0.020619	261	0.900383	0.678895	642	0.241433	0.392000	0.412098	
637	0.254317	109	0.000000	254	0.885827	0.678895	637	0.254317	0.387000	0.412057	
669	0.264574	87	0.011494	244	0.926230	0.678895	669	0.264574	0.404000	0.412044	
639	0.247261	112	0.008929	249	0.883534	0.678895	639	0.247261	0.379000	0.411990	
638	0.233542	109	0.000000	253	0.972332	0.678895	638	0.233542	0.395000	0.411962	
640	0.232813	105	0.000000	255	0.858824	0.678895	640	0.232813	0.368000	0.411890	
653	0.263400	108	0.000000	239	0.974895	0.678895	653	0.263400	0.405000	0.411879	
635	0.280315	124	0.000000	241	0.983402	0.678895	635	0.280315	0.415000	0.411884	
606	0.252475	112	0.000000	282	0.921986	0.678895	606	0.252475	0.413000	0.411886	
647	0.251932	112	0.000000	241	0.954357	0.678895	647	0.251932	0.393000	0.411855	
622	0.247588	124	0.000000	254	0.988189	0.678895	622	0.247588	0.405000	0.411844	
675	0.303704	93	0.000000	232	0.995690	0.678895	675	0.303704	0.436000	0.411883	
620	0.241935	128	0.000000	252	0.992063	0.678895	620	0.241935	0.400000	0.411864	
626	0.239617	106	0.000000	268	0.973881	0.678895	626	0.239617	0.411000	0.411862	
670	0.282090	99	0.000000	231	0.987013	0.678895	670	0.282090	0.417000	0.411871	
640	0.243750	123	0.000000	237	0.978903	0.678895	640	0.243750	0.388000	0.411832	
639	0.276995	99	0.000000	262	0.984733	0.678895	639	0.276995	0.435000	0.411870	
635	0.240945	117	0.000000	248	0.971774	0.678895	635	0.240945	0.394000	0.411841	
618	0.273463	124	0.000000	258	0.992248	0.678895	618	0.273463	0.425000	0.411862	
662	0.265861	103	0.000000	235	0.974468	0.678895	662	0.265861	0.405000	0.411851	
644	0.218944	97	0.000000	259	0.969112	0.678895	644	0.218944	0.392000	0.411819	
666	0.256757	99	0.000000	235	0.987234	0.678895	666	0.256757	0.403000	0.411805	
659	0.259484	98	0.000000	243	0.864198	0.678895	659	0.259484	0.381000	0.411756	
678	0.234513	97	0.000000	225	0.955556	0.678895	678	0.234513	0.374000	0.411697	
634	0.269716	109	0.000000	257	0.961089	0.678895	634	0.269716	0.418000	0.411707	
640	0.239063	106	0.000000	254	0.992126	0.678895	640	0.239063	0.405000	0.411696	
639	0.262911	109	0.000000	252	0.944444	0.678895	639	0.262911	0.406000	0.411687	
619	0.245557	105	0.000000	276	0.913043	0.678895	619	0.245557	0.404000	0.411675	
630	0.292063	106	0.000000	264	0.946970	0.678895	630	0.292063	0.434000	0.411710	
619	0.281099	128	0.000000	253	0.956522	0.678895	619	0.281099	0.416000	0.411717	
635	0.259843	100	0.000000	265	0.913208	0.678895	635	0.259843	0.407000	0.411709	
634	0.249211	118	0.008475	248	0.955645	0.678895	634	0.249211	0.396000	0.411685	
615	0.265041	117	0.008547	268	0.944030	0.678895	615	0.265041	0.417000	0.411693	
635	0.248819	97	0.000000	268	0.958955	0.678895	635	0.248819	0.415000	0.411698	
598	0.237458	111	0.000000	291	0.979381	0.678895	598	0.237458	0.427000	0.411722	
626	0.261981	111	0.000000	263	0.942966	0.678895	626	0.261981	0.412000	0.411723	
647	0.242658	91	0.000000	262	0.965649	0.678895	647	0.242658	0.410000	0.411720	
648	0.290123	111	0.000000	241	0.970954	0.678895	648	0.290123	0.422000	0.411736	
607	0.247117	118	0.000000	275	0.981818	0.678895	607	0.247117	0.420000	0.411749	
656	0.257622	104	0.009615	240	0.954167	0.678895	656	0.257622	0.399000	0.411729	
666	0.325826	136	0.007353	198	0.959596	0.678895	666	0.325826	0.408000	0.411723	
610	0.285246	102	0.000000	288	0.944444	0.678895	610	0.285246	0.446000	0.411776	
639	0.281690	103	0.000000	258	0.976744	0.678895	639	0.281690	0.432000	0.411807	
651	0.273425	111	0.000000	238	0.978992	0.678895	651	0.273425	0.411000	0.411806	
635	0.251969	112	0.000000	253	0.960474	0.678895	635	0.251969	0.403000	0.411792	
651	0.293395	103	0.009709	246	0.857724	0.678895	651	0.293395	0.403000	0.411779	
684	0.311404	109	0.000000	207	0.888889	0.678895	684	0.311404	0.397000	0.411756	
661	0.305598	116	0.025862	223	0.923767	0.678895	661	0.305598	0.411000	0.411755	
645	0.254264	119	0.000000	236	0.936441	0.678895	645	0.254264	0.385000	0.411714	
639	0.245696	101	0.000000	260	0.915385	0.678895	639	0.245696	0.395000	0.411689	
662	0.287009	112	0.000000	226	0.973451	0.678895	662	0.287009	0.410000	0.411686	
654	0.318043	128	0.007812	218	0.967890	0.678895	654	0.318043	0.420000	0.411699	
705	0.350355	105	0.000000	190	0.963158	0.678895	705	0.350355	0.430000	0.411727	
666	0.256757	111	0.009009	223	0.968610	0.678895	666	0.256757	0.388000	0.411691	
662	0.291541	84	0.000000	254	0.893701	0.678895	662	0.291541	0.420000	0.411703	
642	0.257009	124	0.000000	234	0.961538	0.678895	642	0.257009	0.390000	0.411671	
629	0.282989	110	0.018182	261	0.957854	0.678895	629	0.282989	0.430000	0.411698	
642	0.275701	121	0.008264	237	0.974684	0.678895	642	0.275701	0.409000	0.411694	
667	0.265367	128	0.023438	205	0.956098	0.678895	667	0.265367	0.376000	0.411641	
642	0.260125	105	0.019048	253	0.980237	0.678895	642	0.260125	0.417000	0.411649	
627	0.272727	111	0.000000	262	0.961832	0.678895	627	0.272727	0.423000	0.411666	
622	0.273312	122	0.000000	256	0.957031	0.678895	622	0.273312	0.415000	0.411671	
625	0.240000	117	0.000000	258	0.953488	0.678895	625	0.240000	0.396000	0.411647	
664	0.277108	104	0.038462	232	0.965517	0.678895	664	0.277108	0.412000	0.411648	
661	0.264750	123	0.000000	216	0.986111	0.678895	661	0.264750	0.388000	0.411612	
656	0.250000	101	0.000000	243	0.975309	0.678895	656	0.250000	0.401000	0.411597	
635	0.275591	125	0.000000	240	0.983333	0.678895	635	0.275591	0.411000	0.411596	
661	0.276853	104	0.000000	235	0.995745	0.678895	661	0.276853	0.417000	0.411604	
681	0.214391	108	0.000000	211	0.971564	0.678895	681	0.214391	0.351000	0.411514	
637	0.233909	102	0.000000	261	0.973180	0.678895	637	0.233909	0.403000	0.411502	
719	0.344924	99	0.010101	182	0.934066	0.678895	719	0.344924	0.419000	0.411513	
723	0.334716	98	0.000000	179	0.960894	0.678895	723	0.334716	0.414000	0.411516	
658	0.314590	113	0.008850	229	0.978166	0.678895	658	0.314590	0.432000	0.411546	
618	0.265372	93	0.000000	289	0.986159	0.678895	618	0.265372	0.449000	0.411601	
641	0.266771	86	0.000000	273	0.967033	0.678895	641	0.266771	0.435000	0.411636	
625	0.244800	103	0.000000	272	0.955882	0.678895	625	0.244800	0.413000	0.411638	
635	0.277165	110	0.000000	255	0.964706	0.678895	635	0.277165	0.422000	0.411653	
634	0.269716	113	0.000000	253	0.952569	0.678895	634	0.269716	0.412000	0.411653	
648	0.283951	108	0.000000	244	0.963115	0.678895	648	0.283951	0.419000	0.411664	
657	0.269406	112	0.000000	231	0.930736	0.678895	657	0.269406	0.392000	0.411635	
606	0.265677	120	0.000000	274	0.970803	0.678895	606	0.265677	0.427000	0.411658	
655	0.273282	91	0.021978	254	0.948819	0.678895	655	0.273282	0.422000	0.411673	
613	0.296900	120	0.008333	267	0.958801	0.678895	613	0.296900	0.439000	0.411712	
644	0.307453	118	0.008475	238	0.953782	0.678895	644	0.307453	0.426000	0.411733	
629	0.268680	87	0.000000	284	0.947183	0.678895	629	0.268680	0.438000	0.411771	
658	0.284195	99	0.000000	243	0.975309	0.678895	658	0.284195	0.424000	0.411789	
639	0.276995	106	0.000000	255	0.952941	0.678895	639	0.276995	0.420000	0.411801	
641	0.283931	95	0.000000	264	0.984848	0.678895	641	0.283931	0.442000	0.411844	
636	0.276730	105	0.000000	259	0.976834	0.678895	636	0.276730	0.429000	0.411869	
622	0.265273	130	0.000000	248	0.975806	0.678895	622	0.265273	0.407000	0.411862	
651	0.264209	98	0.010204	251	0.972112	0.678895	651	0.264209	0.417000	0.411869	
701	0.332382	113	0.000000	186	0.940860	0.678895	701	0.332382	0.408000	0.411864	
704	0.342330	104	0.000000	192	0.942708	0.678895	704	0.342330	0.422000	0.411878	
671	0.371088	129	0.000000	200	0.925000	0.678895	671	0.371088	0.434000	0.411910	
727	0.341128	107	0.000000	166	0.975904	0.678895	727	0.341128	0.410000	0.411907	
705	0.354610	138	0.000000	157	0.987261	0.678895	705	0.354610	0.405000	0.411897	
665	0.258647	126	0.015873	209	0.990431	0.678895	665	0.258647	0.381000	0.411853	
654	0.255352	119	0.042017	227	0.986784	0.678895	654	0.255352	0.396000	0.411831	
626	0.289137	123	0.000000	251	0.996016	0.678895	626	0.289137	0.431000	0.411858	
633	0.300158	128	0.015625	239	0.983264	0.678895	633	0.300158	0.427000	0.411879	
640	0.256250	109	0.000000	251	0.980080	0.678895	640	0.256250	0.410000	0.411877	
663	0.276018	99	0.000000	238	0.978992	0.678895	663	0.276018	0.416000	0.411882	
663	0.277526	101	0.000000	236	0.974576	0.678895	663	0.277526	0.414000	0.411885	
668	0.285928	109	0.000000	223	0.964126	0.678895	668	0.285928	0.406000	0.411877	
640	0.278125	125	0.000000	235	0.978723	0.678895	640	0.278125	0.408000	0.411872	
620	0.314516	111	0.000000	269	0.988848	0.678895	620	0.314516	0.461000	0.411941	
639	0.273865	117	0.000000	244	0.995902	0.678895	639	0.273865	0.418000	0.411949	
607	0.253707	135	0.000000	258	0.992248	0.678895	607	0.253707	0.410000	0.411946	
660	0.272727	104	0.000000	236	0.987288	0.678895	660	0.272727	0.413000	0.411948	
620	0.250000	114	0.000000	266	0.988722	0.678895	620	0.250000	0.418000	0.411956	
720	0.319444	102	0.009804	178	0.994382	0.678895	720	0.319444	0.408000	0.411951	
694	0.337176	102	0.000000	204	0.985294	0.678895	694	0.337176	0.435000	0.411983	
703	0.332859	120	0.000000	177	0.994350	0.678895	703	0.332859	0.410000	0.411980	
672	0.278274	126	0.007937	202	0.970297	0.678895	672	0.278274	0.384000	0.411941	
659	0.247344	108	0.018519	233	0.987124	0.678895	659	0.247344	0.395000	0.411918	
654	0.233945	92	0.010870	254	0.996063	0.678895	654	0.233945	0.407000	0.411911	
596	0.162752	117	0.000000	287	0.982578	0.678895	596	0.162752	0.379000	0.411865	
624	0.235577	102	0.009804	274	0.985401	0.669482	624	0.235577	0.418000	0.411874	
646	0.272446	122	0.000000	232	0.982759	0.669482	646	0.272446	0.404000	0.411863	
636	0.261006	99	0.000000	265	0.898113	0.669482	636	0.261006	0.404000	0.411852	
637	0.291994	119	0.000000	244	0.897541	0.669482	637	0.291994	0.405000	0.411843	
638	0.280564	128	0.000000	234	0.970085	0.669482	638	0.280564	0.406000	0.411835	
650	0.270769	88	0.000000	262	0.950382	0.669482	650	0.270769	0.425000	0.411853	
629	0.281399	122	0.000000	249	0.967871	0.669482	629	0.281399	0.418000	0.411861	
628	0.289809	117	0.000000	255	0.952941	0.669482	628	0.289809	0.425000	0.411879	
649	0.275809	107	0.000000	244	0.954918	0.669482	649	0.275809	0.412000	0.411879	
642	0.272586	104	0.000000	254	0.984252	0.669482	642	0.272586	0.425000	0.411897	
664	0.272590	106	0.000000	230	0.995652	0.669482	664	0.272590	0.410000	0.411895	
629	0.302067	126	0.000000	245	0.975510	0.669482	629	0.302067	0.429000	0.411918	
647	0.281298	107	0.000000	246	0.983740	0.669482	647	0.281298	0.424000	0.411934	
653	0.280245	102	0.000000	245	0.987755	0.669482	653	0.280245	0.425000	0.411952	
611	0.260229	136	0.014706	253	0.984190	0.669482	611	0.260229	0.410000	0.411949	
617	0.280389	117	0.000000	266	0.966165	0.669482	617	0.280389	0.430000	0.411974	
625	0.272000	105	0.000000	270	0.937037	0.669482	625	0.272000	0.423000	0.411989	
634	0.312303	105	0.000000	261	0.908046	0.669482	634	0.312303	0.435000	0.412020	
692	0.333815	102	0.009804	206	0.956311	0.669482	692	0.333815	0.429000	0.412043	
697	0.321377	124	0.000000	179	0.972067	0.669482	697	0.321377	0.398000	0.412024	
692	0.339595	87	0.011494	221	0.981900	0.669482	692	0.339595	0.453000	0.412079	
650	0.298462	99	0.000000	251	0.992032	0.669482	650	0.298462	0.443000	0.412120	
644	0.270186	96	0.000000	260	0.942308	0.669482	644	0.270186	0.419000	0.412129	
652	0.299080	111	0.000000	237	0.953586	0.669482	652	0.299080	0.421000	0.412141	
674	0.272997	96	0.000000	230	0.969565	0.669482	674	0.272997	0.407000	0.412134	
683	0.272328	112	0.000000	205	0.965854	0.669482	683	0.272328	0.384000	0.412097	
641	0.252730	107	0.000000	252	0.924603	0.669482	641	0.252730	0.395000	0.412074	
621	0.260870	124	0.000000	255	0.941176	0.669482	621	0.260870	0.402000	0.412061	
626	0.246006	101	0.000000	273	0.956044	0.669482	626	0.246006	0.415000	0.412065	
622	0.233119	114	0.000000	264	0.931818	0.669482	622	0.233119	0.391000	0.412037	
619	0.247173	121	0.016529	260	0.923077	0.669482	619	0.247173	0.395000	0.412014	
628	0.272293	94	0.000000	278	0.924460	0.669482	628	0.272293	0.428000	0.412035	
664	0.284639	96	0.000000	240	0.966667	0.669482	664	0.284639	0.421000	0.412047	
645	0.297674	118	0.000000	237	0.970464	0.669482	645	0.297674	0.422000	0.412060	
641	0.285491	113	0.000000	246	0.987805	0.669482	641	0.285491	0.426000	0.412079	
621	0.270531	123	0.000000	256	0.949219	0.669482	621	0.270531	0.411000	0.412077	
644	0.268634	106	0.000000	250	0.948000	0.669482	644	0.268634	0.410000	0.412074	
659	0.253414	93	0.021505	248	0.939516	0.669482	659	0.253414	0.402000	0.412061	
641	0.244930	90	0.022222	269	0.936803	0.669482	641	0.244930	0.411000	0.412060	
652	0.271472	118	0.000000	230	0.969565	0.669482	652	0.271472	0.400000	0.412044	
677	0.285081	116	0.000000	207	0.971014	0.669482	677	0.285081	0.394000	0.412020	
657	0.295282	104	0.009615	239	0.958159	0.669482	657	0.295282	0.424000	0.412036	
641	0.283931	117	0.008547	242	0.971074	0.669482	641	0.283931	0.418000	0.412044	
611	0.288052	113	0.000000	276	0.981884	0.669482	611	0.288052	0.447000	0.412089	
609	0.256158	105	0.000000	286	0.926573	0.669482	609	0.256158	0.421000	0.412101	
628	0.269108	120	0.000000	252	0.964286	0.669482	628	0.269108	0.412000	0.412101	
646	0.261610	114	0.000000	240	0.954167	0.669482	646	0.261610	0.398000	0.412082	
662	0.282477	91	0.000000	247	0.979757	0.669482	662	0.282477	0.429000	0.412104	
642	0.253894	128	0.000000	230	0.969565	0.669482	642	0.253894	0.386000	0.412071	
630	0.271429	129	0.015504	241	0.983402	0.669482	630	0.271429	0.410000	0.412068	
668	0.247006	104	0.000000	228	0.960526	0.669482	668	0.247006	0.384000	0.412032	
654	0.285933	95	0.000000	251	0.980080	0.669482	654	0.285933	0.433000	0.412059	
633	0.300158	114	0.000000	253	0.980237	0.669482	633	0.300158	0.438000	0.412092	
655	0.287023	115	0.000000	230	0.986957	0.669482	655	0.287023	0.415000	0.412096	
645	0.282171	112	0.017857	243	0.983539	0.669482	645	0.282171	0.423000	0.412110	
696	0.298851	105	0.028571	199	0.989950	0.669482	696	0.298851	0.408000	0.412105	
669	0.306428	101	0.039604	230	0.939130	0.669482	669	0.306428	0.425000	0.412121	
636	0.251572	114	0.008772	250	0.972000	0.669482	636	0.251572	0.404000	0.412111	
613	0.293638	113	0.000000	274	0.886861	0.669482	613	0.293638	0.423000	0.412125	
640	0.267188	104	0.000000	256	0.925781	0.669482	640	0.267188	0.408000	0.412119	
621	0.262480	112	0.000000	267	0.977528	0.669482	621	0.262480	0.424000	0.412135	
636	0.276730	105	0.000000	259	0.969112	0.669482	636	0.276730	0.427000	0.412153	
636	0.254717	102	0.000000	262	0.969466	0.669482	636	0.254717	0.416000	0.412158	
630	0.279365	102	0.019608	268	0.951493	0.669482	630	0.279365	0.433000	0.412185	
618	0.284790	99	0.000000	283	0.929329	0.669482	618	0.284790	0.439000	0.412219	
661	0.260212	112	0.000000	227	0.942731	0.669482	661	0.260212	0.386000	0.412186	
644	0.285714	109	0.000000	247	0.983806	0.669482	644	0.285714	0.427000	0.412204	
664	0.262048	87	0.000000	249	0.995984	0.669482	664	0.262048	0.422000	0.412217	
627	0.299841	104	0.000000	269	0.977695	0.669482	627	0.299841	0.451000	0.412266	
634	0.272871	89	0.011236	277	0.974729	0.669482	634	0.272871	0.444000	0.412306	
703	0.342817	111	0.009009	186	0.983871	0.669482	703	0.342817	0.425000	0.412321	
646	0.275542	118	0.000000	236	0.987288	0.669482	646	0.275542	0.411000	0.412320	
657	0.290715	94	0.000000	249	0.939759	0.669482	657	0.290715	0.425000	0.412336	
613	0.259380	87	0.000000	300	0.876667	0.669482	613	0.259380	0.422000	0.412348	
639	0.281690	104	0.000000	257	0.926070	0.669482	639	0.281690	0.418000	0.412355	
604	0.269868	112	0.000000	284	0.947183	0.669482	604	0.269868	0.432000	0.412379	
668	0.324850	110	0.009091	222	0.968468	0.669482	668	0.324850	0.433000	0.412405	
658	0.281155	119	0.025210	223	0.959641	0.669482	658	0.281155	0.402000	0.412392	
693	0.323232	120	0.008333	187	0.957219	0.669482	693	0.323232	0.404000	0.412382	
694	0.361671	92	0.010870	214	0.962617	0.669482	694	0.361671	0.458000	0.412439	
636	0.259434	127	0.000000	237	0.940928	0.669482	636	0.259434	0.388000	0.412408	
627	0.279107	104	0.000000	269	0.929368	0.669482	627	0.279107	0.425000	0.412424	
652	0.288344	103	0.000000	245	0.959184	0.669482	652	0.288344	0.423000	0.412437	
638	0.286834	115	0.000000	247	0.959514	0.669482	638	0.286834	0.420000	0.412446	
627	0.282297	123	0.008130	250	0.916000	0.669482	627	0.282297	0.407000	0.412440	
631	0.267829	109	0.009174	260	0.919231	0.669482	631	0.267829	0.409000	0.412435	
682	0.337243	113	0.017699	205	0.882927	0.669482	682	0.337243	0.413000	0.412436	
634	0.264984	125	0.000000	241	0.925311	0.669482	634	0.264984	0.391000	0.412410	
653	0.271057	100	0.010000	247	0.935223	0.669482	653	0.271057	0.409000	0.412405	
621	0.256039	106	0.009434	273	0.901099	0.669482	621	0.256039	0.406000	0.412398	
629	0.268680	106	0.000000	265	0.879245	0.669482	629	0.268680	0.402000	0.412385	
628	0.267516	101	0.000000	271	0.966790	0.669482	628	0.267516	0.430000	0.412406	
629	0.308426	109	0.000000	262	0.958015	0.669482	629	0.308426	0.445000	0.412446	
647	0.285935	118	0.008475	235	0.995745	0.669482	647	0.285935	0.420000	0.412455	
745	0.326174	102	0.029412	153	0.967320	0.669482	745	0.326174	0.394000	0.412433	
667	0.293853	97	0.020619	236	0.978814	0.669482	667	0.293853	0.429000	0.412453	
632	0.267405	105	0.000000	263	0.866920	0.669482	632	0.267405	0.397000	0.412434	
651	0.279570	88	0.000000	261	0.942529	0.669482	651	0.279570	0.428000	0.412453	
661	0.270802	81	0.000000	258	0.965116	0.669482	661	0.270802	0.428000	0.412472	
638	0.271160	104	0.000000	258	0.918605	0.669482	638	0.271160	0.410000	0.412469	
615	0.278049	116	0.000000	269	0.966543	0.669482	615	0.278049	0.431000	0.412492	
655	0.287023	119	0.008403	226	0.986726	0.669482	655	0.287023	0.412000	0.412491	
706	0.303116	115	0.034783	179	0.977654	0.669482	706	0.303116	0.393000	0.412467	
747	0.373494	101	0.000000	152	0.993421	0.669482	747	0.373494	0.430000	0.412489	
744	0.287634	89	0.000000	167	0.982036	0.669482	744	0.287634	0.378000	0.412447	
717	0.317992	110	0.000000	173	0.994220	0.669482	717	0.317992	0.400000	0.412432	
764	0.318063	95	0.000000	141	0.971631	0.669482	764	0.318063	0.380000	0.412393	
749	0.316422	92	0.000000	159	0.993711	0.669482	749	0.316422	0.395000	0.412372	
740	0.304054	108	0.000000	152	0.973684	0.669482	740	0.304054	0.373000	0.412325	
744	0.322581	95	0.000000	161	0.962733	0.669482	744	0.322581	0.395000	0.412304	
769	0.321196	90	0.000000	141	0.985816	0.669482	769	0.321196	0.386000	0.412273	
746	0.352547	100	0.000000	154	0.974026	0.669482	746	0.352547	0.413000	0.412273	
755	0.328477	113	0.000000	132	0.984848	0.669482	755	0.328477	0.378000	0.412232	
726	0.297521	110	0.009091	164	0.957317	0.669482	726	0.297521	0.374000	0.412187	
731	0.307798	103	0.009709	166	0.951807	0.669482	731	0.307798	0.384000	0.412153	
761	0.337714	78	0.000000	161	0.968944	0.669482	761	0.337714	0.413000	0.412154	
762	0.347769	87	0.011494	151	0.960265	0.669482	762	0.347769	0.411000	0.412153	
771	0.338521	88	0.011364	141	0.978723	0.669482	771	0.338521	0.400000	0.412138	
737	0.348711	101	0.000000	162	0.993827	0.669482	737	0.348711	0.418000	0.412145	
770	0.294805	104	0.000000	126	0.976190	0.669482	770	0.294805	0.350000	0.412072	
759	0.306983	96	0.000000	145	0.944828	0.669482	759	0.306983	0.370000	0.412022	
765	0.304575	92	0.000000	143	0.993007	0.669482	765	0.304575	0.375000	0.411978	
753	0.329349	96	0.000000	151	0.933775	0.669482	753	0.329349	0.389000	0.411951	
739	0.328823	118	0.016949	143	0.958042	0.669482	739	0.328823	0.382000	0.411916	
736	0.304348	109	0.000000	155	0.890323	0.669482	736	0.304348	0.362000	0.411857	
749	0.337784	101	0.019802	150	0.886667	0.669482	749	0.337784	0.388000	0.411829	
742	0.308625	100	0.020000	158	0.930380	0.669482	742	0.308625	0.378000	0.411789	
735	0.311565	98	0.020408	167	0.964072	0.669482	735	0.311565	0.392000	0.411766	
740	0.328378	101	0.019802	159	0.937107	0.669482	740	0.328378	0.394000	0.411745	
757	0.311757	100	0.020000	143	0.902098	0.669482	757	0.311757	0.367000	0.411693	
762	0.335958	75	0.000000	163	0.944785	0.669482	762	0.335958	0.410000	0.411691	
739	0.315291	100	0.000000	161	0.900621	0.669482	739	0.315291	0.378000	0.411651	
738	0.355014	111	0.000000	151	0.980132	0.669482	738	0.355014	0.410000	0.411649	
766	0.335509	92	0.000000	142	0.971831	0.669482	766	0.335509	0.395000	0.411630	
756	0.334656	95	0.000000	149	0.906040	0.669482	756	0.334656	0.388000	0.411603	
722	0.310249	116	0.025862	162	0.919753	0.669482	722	0.310249	0.376000	0.411561	
689	0.287373	126	0.023810	185	0.891892	0.669482	689	0.287373	0.366000	0.411508	
694	0.292507	119	0.025210	187	0.983957	0.669482	694	0.292507	0.390000	0.411483	
764	0.340314	94	0.010638	142	0.971831	0.669482	764	0.340314	0.399000	0.411469	
751	0.308921	99	0.000000	150	0.920000	0.669482	751	0.308921	0.370000	0.411421	
748	0.299465	101	0.000000	151	0.947020	0.669482	748	0.299465	0.367000	0.411369	
775	0.312258	95	0.000000	130	0.961538	0.669482	775	0.312258	0.367000	0.411318	
718	0.314763	109	0.000000	173	0.884393	0.669482	718	0.314763	0.379000	0.411281	
767	0.315515	88	0.000000	145	0.951724	0.669482	767	0.315515	0.380000	0.411245	
721	0.324549	107	0.000000	172	0.970930	0.669482	721	0.324549	0.401000	0.411233	
701	0.229672	118	0.016949	181	0.983425	0.669482	701	0.229672	0.341000	0.411152	
653	0.266462	90	0.011111	257	0.922179	0.669482	653	0.266462	0.412000	0.411153	
648	0.259259	101	0.000000	251	0.952191	0.669482	648	0.259259	0.407000	0.411149	
661	0.282905	120	0.016667	219	0.977169	0.669482	661	0.282905	0.403000	0.411139	
640	0.246875	123	0.000000	237	0.962025	0.669482	640	0.246875	0.386000	0.411111	
632	0.278481	101	0.000000	267	0.958801	0.669482	632	0.278481	0.432000	0.411134	
606	0.247525	117	0.000000	277	0.880866	0.669482	606	0.247525	0.394000	0.411115	
605	0.241322	119	0.000000	276	0.952899	0.669482	605	0.241322	0.409000	0.411112	
688	0.297965	86	0.023256	226	0.933628	0.669482	688	0.297965	0.418000	0.411120	
671	0.260805	128	0.007812	201	0.960199	0.669482	671	0.260805	0.369000	0.411072	
669	0.312407	116	0.017241	215	0.939535	0.669482	669	0.312407	0.413000	0.411075	
645	0.283721	120	0.008333	235	0.974468	0.669482	645	0.283721	0.413000	0.411077	
637	0.265306	112	0.000000	251	0.932271	0.669482	637	0.265306	0.403000	0.411068	
631	0.213946	121	0.000000	248	0.963710	0.669482	631	0.213946	0.374000	0.411026	
623	0.266453	114	0.000000	263	0.942966	0.669482	623	0.266453	0.414000	0.411029	
651	0.279570	94	0.000000	255	0.984314	0.669482	651	0.279570	0.433000	0.411054	
631	0.270998	113	0.000000	256	0.972656	0.669482	631	0.270998	0.420000	0.411064	
657	0.283105	103	0.000000	240	0.983333	0.669482	657	0.283105	0.422000	0.411076	
654	0.290520	114	0.008772	232	0.982759	0.669482	654	0.290520	0.419000	0.411085	
663	0.292609	116	0.008621	221	0.909502	0.669482	663	0.292609	0.396000	0.411068	
629	0.265501	93	0.000000	278	0.935252	0.669482	629	0.265501	0.427000	0.411086	
643	0.273717	99	0.000000	258	0.895349	0.669482	643	0.273717	0.407000	0.411081	
649	0.251156	100	0.000000	251	0.956175	0.669482	649	0.251156	0.403000	0.411072	
627	0.307815	98	0.000000	275	0.970909	0.669482	627	0.307815	0.460000	0.411127	
625	0.230400	104	0.000000	271	0.974170	0.669482	625	0.230400	0.408000	0.411124	
628	0.235669	113	0.000000	259	0.957529	0.669482	628	0.235669	0.396000	0.411107	
631	0.274168	116	0.000000	253	0.972332	0.669482	631	0.274168	0.419000	0.411116	
603	0.270315	114	0.000000	283	0.915194	0.669482	603	0.270315	0.422000	0.411128	
624	0.275641	100	0.000000	276	0.949275	0.669482	624	0.275641	0.434000	0.411153	
679	0.306333	91	0.000000	230	0.986957	0.669482	679	0.306333	0.435000	0.411180	
663	0.277526	107	0.009346	230	0.969565	0.669482	663	0.277526	0.408000	0.411176	
714	0.344538	106	0.018868	180	0.988889	0.669482	714	0.344538	0.426000	0.411193	
785	0.315924	101	0.000000	114	0.929825	0.669482	785	0.315924	0.354000	0.411129	
750	0.313333	81	0.024691	169	0.964497	0.669482	750	0.313333	0.400000	0.411117	
774	0.315245	85	0.000000	141	0.971631	0.669482	774	0.315245	0.381000	0.411084	
584	0.169521	97	0.030928	319	0.946708	0.669482	584	0.169521	0.404000	0.411076	
631	0.502377	114	0.000000	255	0.960784	0.415709	631	0.502377	0.562000	0.411242	
612	0.246732	110	0.000000	278	0.974820	0.698261	612	0.246732	0.422000	0.411254	
641	0.277691	117	0.000000	242	0.979339	0.698261	641	0.277691	0.415000	0.411258	
617	0.257699	113	0.000000	270	0.955556	0.698261	617	0.257699	0.417000	0.411265	
636	0.275157	101	0.000000	263	0.973384	0.698261	636	0.275157	0.431000	0.411286	
666	0.268769	104	0.009615	230	0.952174	0.698261	666	0.268769	0.399000	0.411273	
711	0.361463	112	0.000000	177	0.983051	0.698261	711	0.361463	0.431000	0.411295	
646	0.275542	115	0.008696	239	0.987448	0.698261	646	0.275542	0.415000	0.411299	
612	0.269608	117	0.000000	271	0.948339	0.698261	612	0.269608	0.422000	0.411310	
630	0.250794	114	0.000000	256	0.980469	0.698261	630	0.250794	0.409000	0.411308	
636	0.250000	110	0.000000	254	0.964567	0.698261	636	0.250000	0.404000	0.411300	
660	0.272727	120	0.000000	220	0.972727	0.698261	660	0.272727	0.394000	0.411281	
640	0.251563	125	0.000000	235	0.978723	0.698261	640	0.251563	0.391000	0.411259	
594	0.269360	106	0.000000	300	0.966667	0.698261	594	0.269360	0.450000	0.411301	
642	0.221184	117	0.000000	241	0.958506	0.698261	642	0.221184	0.373000	0.411259	
615	0.297561	116	0.000000	269	0.910781	0.698261	615	0.297561	0.428000	0.411278	
600	0.266667	109	0.000000	291	0.948454	0.698261	600	0.266667	0.436000	0.411304	
622	0.226688	126	0.000000	252	0.944444	0.698261	622	0.226688	0.379000	0.411269	
629	0.248013	122	0.016393	249	0.931727	0.698261	629	0.248013	0.390000	0.411246	
653	0.240429	118	0.000000	229	0.969432	0.698261	653	0.240429	0.379000	0.411211	
646	0.205882	112	0.000000	242	0.966942	0.698261	646	0.205882	0.367000	0.411164	
634	0.214511	116	0.000000	250	0.916000	0.698261	634	0.214511	0.365000	0.411114	
662	0.241692	103	0.000000	235	0.965957	0.698261	662	0.241692	0.387000	0.411088	
614	0.276873	123	0.000000	263	0.855513	0.698261	614	0.276873	0.395000	0.411071	
696	0.303161	134	0.007463	170	0.923529	0.698261	696	0.303161	0.369000	0.411025	
684	0.343567	116	0.000000	200	0.965000	0.698261	684	0.343567	0.428000	0.411044	
695	0.320863	116	0.000000	189	0.915344	0.698261	695	0.320863	0.396000	0.411027	
642	0.242991	119	0.008403	239	0.895397	0.698261	642	0.242991	0.371000	0.410985	
622	0.286174	105	0.000000	273	0.934066	0.698261	622	0.286174	0.433000	0.411008	
662	0.277946	98	0.000000	240	0.920833	0.698261	662	0.277946	0.405000	0.411002	
626	0.276358	103	0.009709	271	0.926199	0.698261	626	0.276358	0.425000	0.411017	
725	0.326897	88	0.000000	187	0.962567	0.698261	725	0.326897	0.417000	0.411023	
687	0.292576	125	0.016000	188	0.898936	0.698261	687	0.292576	0.372000	0.410981	
672	0.285714	109	0.009174	219	0.908676	0.698261	672	0.285714	0.392000	0.410961	
628	0.265924	101	0.000000	271	0.955720	0.698261	628	0.265924	0.426000	0.410977	
663	0.254902	103	0.000000	234	0.961538	0.698261	663	0.254902	0.394000	0.410959	
637	0.221350	133	0.000000	230	0.956522	0.698261	637	0.221350	0.361000	0.410906	
612	0.256536	132	0.000000	256	0.964844	0.698261	612	0.256536	0.404000	0.410899	
636	0.272013	106	0.000000	258	0.957364	0.698261	636	0.272013	0.420000	0.410908	
637	0.224490	88	0.000000	275	0.974545	0.698261	637	0.224490	0.411000	0.410909	
634	0.253943	98	0.000000	268	0.925373	0.698261	634	0.253943	0.409000	0.410907	
686	0.262391	97	0.000000	217	0.967742	0.698261	686	0.262391	0.390000	0.410884	
612	0.254902	125	0.000000	263	0.961977	0.698261	612	0.254902	0.409000	0.410882	
640	0.246875	120	0.000000	240	0.950000	0.698261	640	0.246875	0.386000	0.410856	
609	0.254516	120	0.000000	271	0.937269	0.698261	609	0.254516	0.409000	0.410854	
630	0.269841	102	0.000000	268	0.951493	0.698261	630	0.269841	0.425000	0.410869	
606	0.245875	121	0.000000	273	0.926740	0.698261	606	0.245875	0.402000	0.410860	
612	0.277778	101	0.000000	287	0.905923	0.698261	612	0.277778	0.430000	0.410880	
636	0.267296	111	0.000000	253	0.920949	0.698261	636	0.267296	0.403000	0.410872	
626	0.263578	105	0.009524	269	0.973978	0.698261	626	0.263578	0.428000	0.410890	
718	0.303621	110	0.000000	172	0.936047	0.698261	718	0.303621	0.379000	0.410856	
646	0.232198	102	0.009804	252	0.976190	0.698261	646	0.232198	0.397000	0.410842	
624	0.270833	96	0.000000	280	0.932143	0.698261	624	0.270833	0.430000	0.410862	
619	0.266559	112	0.000000	269	0.955390	0.698261	619	0.266559	0.422000	0.410873	
612	0.289216	103	0.000000	285	0.954386	0.698261	612	0.289216	0.449000	0.410913	
613	0.262643	104	0.000000	283	0.939929	0.698261	613	0.262643	0.427000	0.410930	
651	0.278034	100	0.000000	249	0.931727	0.698261	651	0.278034	0.413000	0.410932	
628	0.245223	117	0.000000	255	0.898039	0.698261	628	0.245223	0.383000	0.410903	
652	0.237730	89	0.000000	259	0.922780	0.698261	652	0.237730	0.394000	0.410885	
638	0.225705	103	0.000000	259	0.915058	0.698261	638	0.225705	0.381000	0.410854	
620	0.235484	124	0.000000	256	0.957031	0.698261	620	0.235484	0.391000	0.410834	
710	0.305634	110	0.009091	180	0.983333	0.698261	710	0.305634	0.395000	0.410818	
684	0.312865	130	0.000000	186	0.946237	0.698261	684	0.312865	0.390000	0.410796	
707	0.339463	122	0.000000	171	0.976608	0.698261	707	0.339463	0.407000	0.410792	
713	0.322581	117	0.000000	170	0.982353	0.698261	713	0.322581	0.397000	0.410778	
725	0.318621	111	0.018018	164	1.000000	0.698261	725	0.318621	0.397000	0.410764	
781	0.327785	92	0.000000	127	0.968504	0.698261	781	0.327785	0.379000	0.410731	
764	0.321990	92	0.000000	144	0.986111	0.698261	764	0.321990	0.388000	0.410708	
758	0.311346	99	0.000000	143	0.986014	0.698261	758	0.311346	0.377000	0.410673	
690	0.268116	113	0.017699	197	0.984772	0.698261	690	0.268116	0.381000	0.410643	
696	0.285920	137	0.014599	167	0.982036	0.698261	696	0.285920	0.365000	0.410596	
727	0.277854	96	0.020833	177	0.949153	0.698261	727	0.277854	0.372000	0.410556	
738	0.295393	119	0.000000	143	0.958042	0.698261	738	0.295393	0.355000	0.410500	
748	0.282086	95	0.000000	157	0.961783	0.698261	748	0.282086	0.362000	0.410450	
750	0.330667	88	0.000000	162	0.932099	0.698261	750	0.330667	0.399000	0.410438	
757	0.317041	90	0.000000	153	0.908497	0.698261	757	0.317041	0.379000	0.410406	
714	0.299720	117	0.017094	169	0.917160	0.698261	714	0.299720	0.371000	0.410366	
739	0.335589	88	0.000000	173	0.959538	0.698261	739	0.335589	0.414000	0.410370	
713	0.279102	112	0.017857	175	0.942857	0.698261	713	0.279102	0.366000	0.410325	
745	0.323490	94	0.000000	161	0.962733	0.698261	745	0.323490	0.396000	0.410310	
760	0.293421	93	0.000000	147	0.965986	0.698261	760	0.293421	0.365000	0.410264	
757	0.328930	91	0.000000	152	0.960526	0.698261	757	0.328930	0.395000	0.410249	
721	0.273232	98	0.010204	181	0.939227	0.698261	721	0.273232	0.368000	0.410206	
703	0.341394	119	0.008403	178	0.966292	0.698261	703	0.341394	0.413000	0.410209	
726	0.352617	109	0.000000	165	0.957576	0.698261	726	0.352617	0.414000	0.410213	
693	0.329004	120	0.000000	187	0.951872	0.698261	693	0.329004	0.406000	0.410208	
709	0.352609	112	0.000000	179	0.988827	0.698261	709	0.352609	0.427000	0.410225	
664	0.298193	116	0.008621	220	0.990909	0.698261	664	0.298193	0.417000	0.410232	
642	0.261682	104	0.000000	254	0.992126	0.698261	642	0.261682	0.420000	0.410242	
643	0.255054	109	0.000000	248	0.983871	0.698261	643	0.255054	0.408000	0.410240	
630	0.255556	123	0.000000	247	0.991903	0.698261	630	0.255556	0.406000	0.410236	
637	0.260597	122	0.000000	241	0.970954	0.698261	637	0.260597	0.400000	0.410225	
623	0.279294	119	0.000000	258	0.980620	0.698261	623	0.279294	0.427000	0.410242	
650	0.266154	104	0.000000	246	0.971545	0.698261	650	0.266154	0.412000	0.410244	
633	0.260664	123	0.000000	244	0.971311	0.698261	633	0.260664	0.402000	0.410236	
