Rate	71.43
Rev Jump	14.29
Prior Change	14.29
Rate Tried	% Accepted	Rev Jump Tried	% Accepted	Prior Change Tried	% Accepted	Rates - Dev	Rates - Tried	Rates - Accepted	Sample Ave Acceptance	Total Ave Acceptance	
684	0.298246	42	0.000000	274	1.000000	0.630620	684	0.298246	0.478000	0.310608	
764	0.335079	66	0.075758	170	0.988235	0.630620	764	0.335079	0.429000	0.320473	
663	0.365008	88	0.068182	249	0.995984	0.630620	663	0.365008	0.496000	0.333974	
708	0.320621	62	0.032258	230	0.991304	0.630620	708	0.320621	0.457000	0.342761	
643	0.342146	106	0.056604	251	0.988048	0.630620	643	0.342146	0.474000	0.351510	
702	0.331909	114	0.017544	184	0.994565	0.630620	702	0.331909	0.418000	0.355665	
666	0.304805	129	0.031008	205	0.980488	0.630620	666	0.304805	0.408000	0.358744	
666	0.309309	112	0.017857	222	0.981982	0.630620	666	0.309309	0.426000	0.362480	
740	0.282432	74	0.013514	186	0.989247	0.630620	740	0.282432	0.394000	0.364139	
734	0.314714	61	0.032787	205	0.970732	0.630620	734	0.314714	0.432000	0.367532	
690	0.295652	46	0.043478	264	0.924242	0.630620	690	0.295652	0.450000	0.371459	
712	0.297753	70	0.042857	218	0.825688	0.630620	712	0.297753	0.395000	0.372529	
728	0.366758	88	0.011364	184	0.907609	0.630620	728	0.366758	0.435000	0.375245	
747	0.378849	97	0.030928	156	0.916667	0.630620	747	0.378849	0.429000	0.377484	
724	0.378453	101	0.039604	175	0.880000	0.630620	724	0.378453	0.432000	0.379665	
731	0.415869	97	0.061856	172	0.953488	0.630620	731	0.415869	0.474000	0.383293	
657	0.196347	126	0.039683	217	0.940092	0.940655	657	0.196347	0.338000	0.381615	
710	0.390141	132	0.015152	158	0.936709	0.641107	710	0.390141	0.427000	0.383236	
715	0.352448	113	0.026549	172	0.959302	0.641107	715	0.352448	0.420000	0.384504	
716	0.377095	122	0.032787	162	0.981481	0.641107	716	0.377095	0.433000	0.386120	
737	0.328358	101	0.009901	162	0.987654	0.641107	737	0.328358	0.403000	0.386665	
755	0.341722	84	0.000000	161	0.993789	0.641107	755	0.341722	0.418000	0.387644	
742	0.366577	93	0.043011	165	0.957576	0.641107	742	0.366577	0.434000	0.389049	
747	0.348059	106	0.018868	147	0.986395	0.641107	747	0.348059	0.407000	0.389577	
739	0.338295	88	0.011364	173	0.982659	0.641107	739	0.338295	0.421000	0.390475	
772	0.348446	80	0.012500	148	0.986486	0.641107	772	0.348446	0.416000	0.391184	
745	0.316779	115	0.000000	140	0.950000	0.641107	745	0.316779	0.369000	0.390584	
713	0.377279	125	0.040000	162	0.882716	0.641107	713	0.377279	0.417000	0.391279	
745	0.320805	96	0.020833	159	0.955975	0.641107	745	0.320805	0.393000	0.391323	
728	0.344780	98	0.020408	174	0.936782	0.641107	728	0.344780	0.416000	0.391940	
724	0.325967	111	0.063063	165	0.939394	0.641107	724	0.325967	0.398000	0.392088	
630	0.334921	92	0.021739	278	0.938849	0.641107	630	0.334921	0.474000	0.394038	
730	0.321918	119	0.084034	151	0.986755	0.641107	730	0.321918	0.394000	0.394037	
747	0.309237	116	0.060345	137	0.948905	0.641107	747	0.309237	0.368000	0.393446	
629	0.344992	106	0.084906	265	0.913208	0.641107	629	0.344992	0.468000	0.395102	
692	0.328035	114	0.035088	194	0.912371	0.641107	692	0.328035	0.408000	0.395383	
725	0.377931	115	0.043478	160	0.968750	0.641107	725	0.377931	0.434000	0.396204	
730	0.386301	111	0.063063	159	0.968553	0.641107	730	0.386301	0.443000	0.397179	
729	0.310014	126	0.087302	145	0.958621	0.641107	729	0.310014	0.376000	0.396747	
717	0.309623	135	0.044444	148	0.966216	0.641107	717	0.309623	0.371000	0.396232	
679	0.375552	112	0.053571	209	0.961722	0.641107	679	0.375552	0.462000	0.397522	
708	0.320621	137	0.021898	155	0.922581	0.641107	708	0.320621	0.373000	0.397050	
735	0.300680	124	0.072581	141	0.957447	0.641107	735	0.300680	0.365000	0.396445	
726	0.325069	127	0.078740	147	0.952381	0.641107	726	0.325069	0.386000	0.396252	
748	0.311497	109	0.045872	143	0.888112	0.641107	748	0.311497	0.365000	0.395684	
741	0.369771	96	0.062500	163	0.932515	0.641107	741	0.369771	0.432000	0.396332	
737	0.340570	110	0.054545	153	0.941176	0.641107	737	0.340570	0.401000	0.396414	
746	0.345845	86	0.046512	168	0.845238	0.641107	746	0.345845	0.404000	0.396545	
738	0.308943	110	0.072727	152	0.796053	0.641107	738	0.308943	0.357000	0.395875	
722	0.362881	129	0.038760	149	0.939597	0.641107	722	0.362881	0.407000	0.396060	
655	0.343511	115	0.078261	230	0.917391	0.641107	655	0.343511	0.445000	0.396862	
732	0.303279	92	0.021739	176	0.892045	0.641107	732	0.303279	0.381000	0.396607	
706	0.379603	112	0.008929	182	0.846154	0.641107	706	0.379603	0.423000	0.397025	
710	0.292958	113	0.035398	177	0.966102	0.641107	710	0.292958	0.383000	0.396806	
730	0.306849	115	0.008696	155	0.916129	0.641107	730	0.306849	0.367000	0.396348	
714	0.316527	120	0.033333	166	0.969880	0.641107	714	0.316527	0.391000	0.396267	
726	0.296143	128	0.054688	146	0.897260	0.641107	726	0.296143	0.353000	0.395621	
739	0.330176	124	0.040323	137	0.941606	0.641107	739	0.330176	0.378000	0.395362	
679	0.340206	107	0.056075	214	0.901869	0.641107	679	0.340206	0.430000	0.395864	
664	0.322289	127	0.055118	209	0.942584	0.641107	664	0.322289	0.418000	0.396180	
674	0.339763	119	0.033613	207	0.971014	0.641107	674	0.339763	0.434000	0.396713	
701	0.346648	114	0.026316	185	0.859459	0.641107	701	0.346648	0.405000	0.396828	
670	0.264179	122	0.057377	208	0.942308	0.641107	670	0.264179	0.380000	0.396597	
683	0.285505	112	0.017857	205	0.951220	0.641107	683	0.285505	0.392000	0.396535	
699	0.298999	109	0.018349	192	0.958333	0.641107	699	0.298999	0.395000	0.396515	
687	0.312955	96	0.031250	217	0.949309	0.641107	687	0.312955	0.424000	0.396876	
743	0.327052	109	0.036697	148	0.898649	0.641107	743	0.327052	0.380000	0.396657	
736	0.358696	88	0.022727	176	0.971591	0.641107	736	0.358696	0.437000	0.397174	
743	0.327052	109	0.018349	148	0.979730	0.641107	743	0.327052	0.390000	0.397084	
729	0.345679	116	0.060345	155	0.967742	0.641107	729	0.345679	0.409000	0.397233	
743	0.362046	122	0.016393	135	0.977778	0.641107	743	0.362046	0.403000	0.397304	
714	0.340336	113	0.044248	173	0.953757	0.641107	714	0.340336	0.413000	0.397495	
721	0.337032	126	0.015873	153	0.967320	0.641107	721	0.337032	0.393000	0.397441	
697	0.319943	119	0.033613	184	0.983696	0.641107	697	0.319943	0.408000	0.397567	
743	0.331090	89	0.056180	168	0.964286	0.641107	743	0.331090	0.413000	0.397748	
708	0.365819	93	0.064516	199	0.959799	0.641107	708	0.365819	0.456000	0.398426	
724	0.363260	80	0.062500	196	0.989796	0.641107	724	0.363260	0.462000	0.399156	
756	0.342593	98	0.051020	146	0.979452	0.641107	756	0.342593	0.407000	0.399245	
753	0.317397	100	0.030000	147	0.979592	0.641107	753	0.317397	0.386000	0.399097	
739	0.316644	101	0.000000	160	1.000000	0.641107	739	0.316644	0.394000	0.399040	
729	0.358025	107	0.056075	164	0.969512	0.641107	729	0.358025	0.426000	0.399336	
734	0.341962	89	0.067416	177	0.966102	0.641107	734	0.341962	0.428000	0.399648	
756	0.337302	73	0.013699	171	0.941520	0.641107	756	0.337302	0.417000	0.399834	
726	0.363636	88	0.068182	186	0.973118	0.641107	726	0.363636	0.451000	0.400379	
651	0.308756	74	0.108108	275	0.934545	0.641107	651	0.308756	0.466000	0.401069	
640	0.237500	92	0.054348	268	0.861940	0.641107	640	0.237500	0.388000	0.400933	
587	0.265758	110	0.009091	303	0.953795	0.641107	587	0.265758	0.446000	0.401398	
367	0.280654	68	0.029412	565	0.918584	0.641107	367	0.280654	0.624000	0.403669	
266	0.319549	70	0.028571	664	0.915663	0.641107	266	0.319549	0.695000	0.406612	
626	0.257188	97	0.051546	277	0.859206	0.641107	626	0.257188	0.404000	0.406586	
642	0.241433	98	0.030612	260	0.900000	0.641107	642	0.241433	0.392000	0.406442	
413	0.300242	117	0.017094	470	0.917021	0.641107	413	0.300242	0.557000	0.407918	
538	0.342007	99	0.070707	363	0.961433	0.641107	538	0.342007	0.540000	0.409200	
713	0.328191	122	0.040984	165	0.890909	0.641107	713	0.328191	0.386000	0.408977	
706	0.345609	144	0.062500	150	0.980000	0.641107	706	0.345609	0.400000	0.408891	
689	0.351234	118	0.025424	193	0.943005	0.641107	689	0.351234	0.427000	0.409062	
660	0.300000	119	0.016807	221	0.909502	0.641107	660	0.300000	0.401000	0.408987	
628	0.337580	100	0.030000	272	0.819853	0.641107	628	0.337580	0.438000	0.409255	
658	0.378419	103	0.029126	239	0.953975	0.641107	658	0.378419	0.480000	0.409904	
632	0.332278	112	0.026786	256	0.929688	0.641107	632	0.332278	0.451000	0.410278	
667	0.304348	109	0.027523	224	0.919643	0.641107	667	0.304348	0.412000	0.410294	
623	0.314607	125	0.056000	252	0.873016	0.641107	623	0.314607	0.423000	0.410407	
698	0.309456	125	0.080000	177	0.920904	0.641107	698	0.309456	0.389000	0.410218	
663	0.283560	145	0.048276	192	0.958333	0.641107	663	0.283560	0.379000	0.409944	
678	0.289086	126	0.063492	196	0.943878	0.641107	678	0.289086	0.389000	0.409762	
716	0.325419	127	0.062992	157	0.942675	0.641107	716	0.325419	0.389000	0.409583	
734	0.326975	92	0.076087	174	0.902299	0.641107	734	0.326975	0.404000	0.409535	
740	0.331081	98	0.010204	162	0.956790	0.641107	740	0.331081	0.401000	0.409463	
745	0.322148	84	0.011905	171	0.923977	0.641107	745	0.322148	0.399000	0.409375	
744	0.327957	94	0.042553	162	0.938272	0.641107	744	0.327957	0.400000	0.409297	
752	0.353723	89	0.101124	159	0.924528	0.641107	752	0.353723	0.422000	0.409402	
715	0.395804	83	0.072289	202	0.950495	0.641107	715	0.395804	0.481000	0.409988	
756	0.366402	101	0.049505	143	0.944056	0.641107	756	0.366402	0.417000	0.410045	
770	0.367532	89	0.067416	141	0.971631	0.641107	770	0.367532	0.426000	0.410174	
612	0.416667	101	0.089109	287	0.923345	0.641107	612	0.416667	0.529000	0.411125	
587	0.165247	115	0.052174	298	0.956376	1.115155	587	0.165247	0.388000	0.410941	
702	0.319088	99	0.040404	199	0.939698	0.740218	702	0.319088	0.415000	0.410973	
748	0.307487	115	0.052174	137	0.912409	0.740218	748	0.307487	0.361000	0.410583	
686	0.234694	132	0.030303	182	0.895604	0.740218	686	0.234694	0.328000	0.409943	
747	0.254351	124	0.032258	129	0.922481	0.740218	747	0.254351	0.313000	0.409197	
716	0.262570	123	0.032520	161	0.950311	0.740218	716	0.262570	0.345000	0.408707	
725	0.231724	119	0.033613	156	0.871795	0.740218	725	0.231724	0.308000	0.407944	
645	0.237209	110	0.018182	245	0.902041	0.740218	645	0.237209	0.376000	0.407704	
752	0.269947	99	0.040404	149	0.872483	0.740218	752	0.269947	0.337000	0.407176	
745	0.230872	97	0.041237	158	0.955696	0.740218	745	0.230872	0.327000	0.406582	
712	0.271067	123	0.056911	165	0.903030	0.740218	712	0.271067	0.349000	0.406159	
727	0.255846	101	0.079208	172	0.918605	0.740218	727	0.255846	0.352000	0.405763	
711	0.267229	135	0.044444	154	0.928571	0.740218	711	0.267229	0.339000	0.405280	
675	0.277037	127	0.062992	198	0.939394	0.740218	675	0.277037	0.381000	0.405105	
571	0.309982	123	0.032520	306	0.888889	0.740218	571	0.309982	0.453000	0.405447	
719	0.267038	113	0.070796	168	0.892857	0.740218	719	0.267038	0.350000	0.405054	
644	0.245342	96	0.062500	260	0.903846	0.740218	644	0.245342	0.399000	0.405011	
725	0.288276	95	0.094737	180	0.838889	0.740218	725	0.288276	0.369000	0.404759	
739	0.301759	112	0.044643	149	0.926174	0.740218	739	0.301759	0.366000	0.404490	
753	0.313413	99	0.080808	148	0.932432	0.740218	753	0.313413	0.382000	0.404335	
770	0.294805	88	0.034091	142	0.950704	0.740218	770	0.294805	0.365000	0.404066	
741	0.298246	93	0.096774	166	0.927711	0.740218	741	0.298246	0.384000	0.403929	
742	0.261456	105	0.095238	153	0.947712	0.740218	742	0.261456	0.349000	0.403558	
728	0.302198	119	0.050420	153	0.869281	0.740218	728	0.302198	0.359000	0.403259	
700	0.237143	107	0.046729	193	0.953368	0.740218	700	0.237143	0.355000	0.402937	
738	0.258808	116	0.025862	146	0.910959	0.740218	738	0.258808	0.327000	0.402434	
747	0.258367	107	0.065421	146	0.952055	0.740218	747	0.258367	0.339000	0.402017	
748	0.250000	98	0.051020	154	0.941558	0.740218	748	0.250000	0.337000	0.401592	
650	0.276923	82	0.036585	268	0.944030	0.740218	650	0.276923	0.436000	0.401816	
750	0.284000	80	0.050000	170	0.923529	0.740218	750	0.284000	0.374000	0.401636	
751	0.264980	79	0.025316	170	0.941176	0.740218	751	0.264980	0.361000	0.401376	
741	0.272605	92	0.065217	167	0.892216	0.740218	741	0.272605	0.357000	0.401093	
709	0.249647	80	0.050000	211	0.928910	0.740218	709	0.249647	0.377000	0.400941	
723	0.300138	95	0.021053	182	0.895604	0.740218	723	0.300138	0.382000	0.400821	
711	0.250352	113	0.035398	176	0.892045	0.740218	711	0.250352	0.339000	0.400435	
707	0.236209	102	0.039216	191	0.921466	0.740218	707	0.236209	0.347000	0.400103	
633	0.285940	125	0.064000	242	0.917355	0.740218	633	0.285940	0.411000	0.400170	
741	0.233468	118	0.016949	141	0.936170	0.740218	741	0.233468	0.307000	0.399599	
740	0.274324	97	0.041237	163	0.957055	0.740218	740	0.274324	0.363000	0.399376	
745	0.264430	99	0.060606	156	0.929487	0.740218	745	0.264430	0.348000	0.399064	
705	0.282270	118	0.042373	177	0.937853	0.740218	705	0.282270	0.370000	0.398889	
785	0.275159	98	0.091837	117	0.931624	0.740218	785	0.275159	0.334000	0.398501	
736	0.259511	112	0.026786	152	0.927632	0.740218	736	0.259511	0.335000	0.398123	
726	0.254821	122	0.040984	152	0.953947	0.740218	726	0.254821	0.335000	0.397749	
739	0.266576	106	0.066038	155	0.987097	0.740218	739	0.266576	0.357000	0.397509	
710	0.222535	121	0.057851	169	0.952663	0.740218	710	0.222535	0.326000	0.397091	
735	0.280272	112	0.044643	153	0.967320	0.740218	735	0.280272	0.359000	0.396870	
754	0.245358	84	0.035714	162	0.888889	0.740218	754	0.245358	0.332000	0.396495	
732	0.218579	99	0.030303	169	0.881657	0.740218	732	0.218579	0.312000	0.396009	
735	0.259864	102	0.058824	163	0.889571	0.740218	735	0.259864	0.342000	0.395701	
625	0.305600	108	0.046296	267	0.891386	0.740218	625	0.305600	0.434000	0.395918	
705	0.245390	95	0.052632	200	0.915000	0.740218	705	0.245390	0.361000	0.395721	
752	0.264628	82	0.024390	166	0.915663	0.740218	752	0.264628	0.353000	0.395481	
742	0.283019	89	0.011236	169	0.899408	0.740218	742	0.283019	0.363000	0.395299	
762	0.259843	80	0.062500	158	0.936709	0.740218	762	0.259843	0.351000	0.395053	
746	0.296247	82	0.048780	172	0.883721	0.740218	746	0.296247	0.377000	0.394954	
583	0.272727	132	0.037879	285	0.866667	0.740218	583	0.272727	0.411000	0.395042	
614	0.205212	112	0.044643	274	0.956204	0.740218	614	0.205212	0.393000	0.395031	
616	0.175325	106	0.028302	278	0.949640	0.740218	616	0.175325	0.375000	0.394922	
473	0.209302	114	0.043860	413	0.905569	0.673898	473	0.209302	0.478000	0.395371	
685	0.280292	144	0.041667	171	0.883041	0.673898	685	0.280292	0.349000	0.395122	
697	0.262554	126	0.063492	177	0.915254	0.673898	697	0.262554	0.353000	0.394896	
703	0.317212	106	0.056604	191	0.874346	0.673898	703	0.317212	0.396000	0.394902	
724	0.295580	120	0.066667	156	0.961538	0.673898	724	0.295580	0.372000	0.394781	
732	0.281421	117	0.034188	151	0.960265	0.673898	732	0.281421	0.355000	0.394572	
709	0.297602	133	0.037594	158	0.860759	0.673898	709	0.297602	0.352000	0.394349	
780	0.337179	98	0.030612	122	0.893443	0.673898	780	0.337179	0.375000	0.394248	
709	0.322990	123	0.040650	168	0.946429	0.673898	709	0.322990	0.393000	0.394241	
711	0.303797	106	0.037736	183	0.923497	0.673898	711	0.303797	0.389000	0.394214	
596	0.283557	104	0.067308	300	0.936667	0.673898	596	0.283557	0.457000	0.394536	
741	0.309042	105	0.047619	154	0.902597	0.673898	741	0.309042	0.373000	0.394427	
738	0.288618	89	0.044944	173	0.878613	0.673898	738	0.288618	0.369000	0.394297	
743	0.294751	119	0.067227	138	0.847826	0.673898	743	0.294751	0.344000	0.394043	
724	0.269337	141	0.035461	135	0.896296	0.673898	724	0.269337	0.321000	0.393676	
738	0.308943	123	0.016260	139	0.884892	0.673898	738	0.308943	0.353000	0.393473	
687	0.311499	123	0.056911	190	0.963158	0.673898	687	0.311499	0.404000	0.393525	
730	0.297260	105	0.047619	165	0.969697	0.673898	730	0.297260	0.382000	0.393468	
707	0.326733	126	0.063492	167	0.946108	0.673898	707	0.326733	0.397000	0.393486	
735	0.351020	98	0.071429	167	0.952096	0.673898	735	0.351020	0.424000	0.393635	
675	0.322963	141	0.049645	184	0.934783	0.673898	675	0.322963	0.397000	0.393652	
682	0.350440	119	0.050420	199	0.974874	0.673898	682	0.350440	0.439000	0.393872	
711	0.337553	107	0.084112	182	0.972527	0.673898	711	0.337553	0.426000	0.394027	
739	0.311231	119	0.016807	142	0.971831	0.673898	739	0.311231	0.370000	0.393912	
720	0.313889	103	0.048544	177	0.966102	0.673898	720	0.313889	0.402000	0.393950	
722	0.315789	101	0.059406	177	0.960452	0.673898	722	0.315789	0.404000	0.393998	
712	0.327247	116	0.025862	172	0.982558	0.673898	712	0.327247	0.405000	0.394050	
621	0.273752	80	0.025000	299	0.969900	0.673898	621	0.273752	0.462000	0.394371	
740	0.289189	93	0.043011	167	0.976048	0.673898	740	0.289189	0.381000	0.394308	
673	0.300149	92	0.130435	235	0.923404	0.673898	673	0.300149	0.431000	0.394479	
699	0.324750	98	0.061224	203	0.876847	0.673898	699	0.324750	0.411000	0.394556	
690	0.334783	108	0.055556	202	0.955446	0.673898	690	0.334783	0.430000	0.394720	
622	0.316720	113	0.026549	265	0.894340	0.673898	622	0.316720	0.437000	0.394915	
668	0.290419	89	0.056180	243	0.913580	0.673898	668	0.290419	0.421000	0.395035	
698	0.345272	113	0.053097	189	0.931217	0.673898	698	0.345272	0.423000	0.395163	
595	0.245378	74	0.067568	331	0.894260	0.673898	595	0.245378	0.447000	0.395398	
701	0.316690	106	0.075472	193	0.922280	0.673898	701	0.316690	0.408000	0.395455	
734	0.307902	75	0.053333	191	0.958115	0.673898	734	0.307902	0.413000	0.395534	
748	0.294118	86	0.046512	166	0.975904	0.673898	748	0.294118	0.386000	0.395492	
759	0.295125	83	0.072289	158	0.974684	0.673898	759	0.295125	0.384000	0.395440	
678	0.311209	118	0.084746	204	0.960784	0.673898	678	0.311209	0.417000	0.395536	
764	0.324607	81	0.061728	155	0.922581	0.673898	764	0.324607	0.396000	0.395538	
729	0.327846	95	0.010526	176	0.960227	0.673898	729	0.327846	0.409000	0.395597	
733	0.346521	118	0.033898	149	0.973154	0.673898	733	0.346521	0.403000	0.395630	
627	0.248804	92	0.010870	281	0.957295	0.673898	627	0.248804	0.426000	0.395762	
625	0.304000	99	0.020202	276	0.981884	0.673898	625	0.304000	0.463000	0.396055	
650	0.298462	78	0.025641	272	0.974265	0.673898	650	0.298462	0.461000	0.396336	
724	0.292818	94	0.053191	182	0.989011	0.673898	724	0.292818	0.397000	0.396339	
727	0.325997	111	0.045045	162	1.000000	0.673898	727	0.325997	0.404000	0.396372	
754	0.335544	97	0.020619	149	0.986577	0.673898	754	0.335544	0.402000	0.396396	
715	0.299301	107	0.065421	178	0.983146	0.673898	715	0.299301	0.396000	0.396394	
741	0.325236	90	0.044444	169	0.994083	0.673898	741	0.325236	0.413000	0.396464	
692	0.341040	126	0.031746	182	0.983516	0.673898	692	0.341040	0.419000	0.396560	
721	0.292649	107	0.028037	172	0.970930	0.673898	721	0.292649	0.381000	0.396494	
702	0.292023	120	0.050000	178	0.977528	0.673898	702	0.292023	0.385000	0.396446	
704	0.336648	127	0.031496	169	0.940828	0.673898	704	0.336648	0.400000	0.396461	
692	0.332370	94	0.042553	214	0.976636	0.673898	692	0.332370	0.443000	0.396654	
724	0.319061	85	0.000000	191	0.958115	0.673898	724	0.319061	0.414000	0.396726	
728	0.306319	108	0.027778	164	0.951220	0.673898	728	0.306319	0.382000	0.396665	
739	0.331529	118	0.033898	143	0.958042	0.673898	739	0.331529	0.386000	0.396621	
638	0.313480	145	0.048276	217	0.976959	0.673898	638	0.313480	0.419000	0.396713	
675	0.309630	121	0.024793	204	0.985294	0.673898	675	0.309630	0.413000	0.396779	
611	0.320786	123	0.081301	266	0.966165	0.673898	611	0.320786	0.463000	0.397047	
576	0.293403	107	0.037383	317	0.977918	0.673898	576	0.293403	0.483000	0.397394	
734	0.325613	78	0.064103	188	0.957447	0.673898	734	0.325613	0.424000	0.397500	
746	0.337802	91	0.043956	163	0.963190	0.673898	746	0.337802	0.413000	0.397562	
752	0.311170	100	0.050000	148	0.959459	0.673898	752	0.311170	0.381000	0.397496	
773	0.293661	85	0.105882	142	0.964789	0.673898	773	0.293661	0.373000	0.397399	
761	0.340342	93	0.021505	146	0.986301	0.673898	761	0.340342	0.405000	0.397429	
777	0.334620	79	0.088608	144	0.937500	0.673898	777	0.334620	0.402000	0.397447	
719	0.312935	77	0.064935	204	0.931373	0.673898	719	0.312935	0.420000	0.397536	
678	0.277286	95	0.031579	227	0.947137	0.673898	678	0.277286	0.406000	0.397569	
663	0.283560	81	0.049383	256	0.941406	0.673898	663	0.283560	0.433000	0.397707	
710	0.298592	75	0.093333	215	0.990698	0.673898	710	0.298592	0.432000	0.397840	
738	0.341463	78	0.064103	184	0.978261	0.673898	738	0.341463	0.437000	0.397991	
751	0.302264	86	0.046512	163	0.950920	0.673898	751	0.302264	0.386000	0.397945	
751	0.319574	82	0.024390	167	0.970060	0.673898	751	0.319574	0.404000	0.397968	
760	0.302632	79	0.088608	161	0.968944	0.673898	760	0.302632	0.393000	0.397949	
707	0.339463	137	0.021898	156	0.942308	0.673898	707	0.339463	0.390000	0.397919	
744	0.333333	88	0.056818	168	0.910714	0.673898	744	0.333333	0.406000	0.397949	
686	0.338192	119	0.067227	195	0.958974	0.673898	686	0.338192	0.427000	0.398059	
563	0.317940	121	0.024793	316	0.962025	0.673898	563	0.317940	0.486000	0.398389	
675	0.315556	88	0.056818	237	0.864979	0.673898	675	0.315556	0.423000	0.398482	
721	0.348128	100	0.060000	179	0.804469	0.673898	721	0.348128	0.401000	0.398491	
710	0.330986	107	0.056075	183	0.961749	0.673898	710	0.330986	0.417000	0.398560	
702	0.336182	129	0.007752	169	0.946746	0.673898	702	0.336182	0.397000	0.398554	
687	0.311499	110	0.009091	203	0.960591	0.673898	687	0.311499	0.410000	0.398596	
649	0.325116	146	0.034247	205	0.907317	0.673898	649	0.325116	0.402000	0.398609	
689	0.361393	136	0.000000	175	0.902857	0.673898	689	0.361393	0.407000	0.398640	
698	0.325215	122	0.000000	180	0.955556	0.673898	698	0.325215	0.399000	0.398641	
700	0.325714	135	0.022222	165	0.957576	0.673898	700	0.325714	0.389000	0.398606	
718	0.331476	98	0.061224	184	0.967391	0.673898	718	0.331476	0.422000	0.398691	
752	0.323138	102	0.039216	146	0.965753	0.673898	752	0.323138	0.388000	0.398652	
738	0.344173	105	0.085714	157	0.968153	0.673898	738	0.344173	0.415000	0.398711	
758	0.315303	97	0.041237	145	0.924138	0.673898	758	0.315303	0.377000	0.398633	
675	0.346667	113	0.044248	212	0.877358	0.673898	675	0.346667	0.425000	0.398727	
705	0.330496	99	0.090909	196	0.903061	0.673898	705	0.330496	0.419000	0.398799	
743	0.309556	108	0.027778	149	0.912752	0.673898	743	0.309556	0.369000	0.398694	
762	0.324147	95	0.063158	143	0.958042	0.673898	762	0.324147	0.390000	0.398663	
732	0.300546	125	0.048000	143	0.958042	0.673898	732	0.300546	0.363000	0.398537	
728	0.329670	104	0.038462	168	0.964286	0.673898	728	0.329670	0.406000	0.398564	
729	0.337449	88	0.045455	183	0.907104	0.673898	729	0.337449	0.416000	0.398624	
697	0.328551	112	0.035714	191	0.916230	0.673898	697	0.328551	0.408000	0.398657	
638	0.313480	121	0.024793	241	0.871369	0.673898	638	0.313480	0.413000	0.398707	
671	0.315946	124	0.032258	205	0.941463	0.673898	671	0.315946	0.409000	0.398743	
717	0.304045	112	0.133929	171	0.964912	0.673898	717	0.304045	0.398000	0.398740	
768	0.326823	106	0.018868	126	0.968254	0.673898	768	0.326823	0.375000	0.398658	
744	0.290323	109	0.018349	147	0.952381	0.673898	744	0.290323	0.358000	0.398519	
749	0.285714	102	0.029412	149	0.912752	0.673898	749	0.285714	0.353000	0.398364	
729	0.311385	103	0.038835	168	0.958333	0.673898	729	0.311385	0.392000	0.398342	
742	0.327493	108	0.101852	150	0.926667	0.673898	742	0.327493	0.393000	0.398324	
751	0.342210	106	0.028302	143	0.944056	0.673898	751	0.342210	0.395000	0.398313	
711	0.305204	109	0.018349	180	0.900000	0.673898	711	0.305204	0.381000	0.398255	
740	0.310811	92	0.032609	168	0.940476	0.673898	740	0.310811	0.391000	0.398230	
625	0.328000	114	0.052632	261	0.904215	0.673898	625	0.328000	0.447000	0.398393	
720	0.363889	102	0.019608	178	0.938202	0.673898	720	0.363889	0.431000	0.398502	
708	0.329096	122	0.016393	170	0.894118	0.673898	708	0.329096	0.387000	0.398464	
693	0.300144	123	0.089431	184	0.918478	0.673898	693	0.300144	0.388000	0.398429	
739	0.284168	116	0.068966	145	0.924138	0.673898	739	0.284168	0.352000	0.398276	
764	0.301047	88	0.022727	148	0.979730	0.673898	764	0.301047	0.377000	0.398206	
758	0.302111	82	0.036585	160	0.931250	0.673898	758	0.302111	0.381000	0.398150	
717	0.315202	104	0.057692	179	0.972067	0.673898	717	0.315202	0.406000	0.398175	
751	0.311585	90	0.033333	159	0.905660	0.673898	751	0.311585	0.381000	0.398119	
707	0.322489	79	0.063291	214	0.920561	0.673898	707	0.322489	0.430000	0.398223	
673	0.285290	102	0.019608	225	0.853333	0.673898	673	0.285290	0.386000	0.398183	
727	0.323246	98	0.061224	175	0.954286	0.673898	727	0.323246	0.408000	0.398215	
718	0.348189	123	0.056911	159	0.949686	0.673898	718	0.348189	0.408000	0.398246	
700	0.294286	129	0.062016	171	0.923977	0.673898	700	0.294286	0.372000	0.398162	
689	0.271408	118	0.076271	193	0.979275	0.673898	689	0.271408	0.385000	0.398120	
716	0.276536	97	0.041237	187	0.962567	0.673898	716	0.276536	0.382000	0.398069	
738	0.323848	106	0.018868	156	0.974359	0.673898	738	0.323848	0.393000	0.398053	
716	0.318436	90	0.033333	194	0.963918	0.673898	716	0.318436	0.418000	0.398116	
742	0.307278	100	0.070000	158	0.974684	0.673898	742	0.307278	0.389000	0.398087	
754	0.320955	81	0.061728	165	0.975758	0.673898	754	0.320955	0.408000	0.398118	
780	0.325641	55	0.072727	165	0.969697	0.673898	780	0.325641	0.418000	0.398181	
743	0.320323	69	0.072464	188	0.957447	0.673898	743	0.320323	0.423000	0.398258	
749	0.303071	75	0.040000	176	0.960227	0.673898	749	0.303071	0.399000	0.398260	
677	0.310192	122	0.073770	201	0.960199	0.673898	677	0.310192	0.412000	0.398303	
702	0.272080	103	0.038835	195	0.969231	0.673898	702	0.272080	0.384000	0.398259	
750	0.289333	111	0.063063	139	0.971223	0.673898	750	0.289333	0.359000	0.398138	
737	0.259159	108	0.037037	155	0.974194	0.673898	737	0.259159	0.346000	0.397977	
714	0.333333	118	0.059322	168	0.970238	0.673898	714	0.333333	0.408000	0.398008	
728	0.313187	106	0.066038	166	0.975904	0.673898	728	0.313187	0.397000	0.398005	
734	0.298365	97	0.051546	169	0.988166	0.673898	734	0.298365	0.391000	0.397984	
767	0.284224	87	0.068966	146	0.979452	0.673898	767	0.284224	0.367000	0.397889	
752	0.307181	107	0.028037	141	0.992908	0.673898	752	0.307181	0.374000	0.397817	
629	0.316375	122	0.032787	249	0.987952	0.673898	629	0.316375	0.449000	0.397972	
702	0.309117	124	0.024194	174	0.971264	0.673898	702	0.309117	0.389000	0.397945	
724	0.316298	100	0.040000	176	0.971591	0.673898	724	0.316298	0.404000	0.397963	
724	0.338398	118	0.059322	158	0.987342	0.673898	724	0.338398	0.408000	0.397993	
741	0.333333	106	0.056604	153	0.993464	0.673898	741	0.333333	0.405000	0.398014	
725	0.326897	125	0.024000	150	1.000000	0.673898	725	0.326897	0.390000	0.397990	
758	0.308707	103	0.038835	139	0.971223	0.673898	758	0.308707	0.373000	0.397916	
727	0.301238	107	0.037383	166	0.969880	0.673898	727	0.301238	0.384000	0.397875	
758	0.328496	88	0.034091	154	0.980519	0.673898	758	0.328496	0.403000	0.397890	
717	0.324965	100	0.020000	183	0.928962	0.673898	717	0.324965	0.405000	0.397911	
784	0.292092	76	0.039474	140	0.971429	0.673898	784	0.292092	0.368000	0.397823	
738	0.292683	104	0.076923	158	0.981013	0.673898	738	0.292683	0.379000	0.397768	
761	0.348226	76	0.092105	163	0.969325	0.673898	761	0.348226	0.430000	0.397862	
747	0.283802	102	0.049020	151	0.900662	0.673898	747	0.283802	0.353000	0.397731	
743	0.335128	105	0.028571	152	0.947368	0.673898	743	0.335128	0.396000	0.397726	
680	0.342647	130	0.053846	190	0.942105	0.673898	680	0.342647	0.419000	0.397788	
711	0.331927	106	0.037736	183	0.956284	0.673898	711	0.331927	0.415000	0.397837	
712	0.325843	108	0.037037	180	0.977778	0.673898	712	0.325843	0.412000	0.397878	
737	0.345997	103	0.000000	160	0.950000	0.673898	737	0.345997	0.407000	0.397904	
694	0.321326	118	0.093220	188	0.914894	0.673898	694	0.321326	0.406000	0.397927	
638	0.322884	99	0.060606	263	0.950570	0.673898	638	0.322884	0.462000	0.398110	
676	0.318047	103	0.077670	221	0.968326	0.673898	676	0.318047	0.437000	0.398220	
713	0.346424	88	0.068182	199	0.959799	0.673898	713	0.346424	0.444000	0.398350	
628	0.302548	137	0.043796	235	0.944681	0.673898	628	0.302548	0.418000	0.398406	
687	0.346434	99	0.020202	214	0.953271	0.673898	687	0.346434	0.444000	0.398534	
674	0.320475	77	0.090909	249	0.967871	0.673898	674	0.320475	0.464000	0.398718	
683	0.313324	96	0.083333	221	0.950226	0.673898	683	0.313324	0.432000	0.398811	
672	0.324405	92	0.054348	236	0.940678	0.673898	672	0.324405	0.445000	0.398940	
698	0.335244	89	0.033708	213	0.938967	0.673898	698	0.335244	0.437000	0.399046	
697	0.312769	101	0.089109	202	0.896040	0.673898	697	0.312769	0.408000	0.399071	
656	0.327744	107	0.046729	237	0.902954	0.673898	656	0.327744	0.434000	0.399168	
650	0.310769	111	0.063063	239	0.916318	0.673898	650	0.310769	0.428000	0.399248	
591	0.321489	90	0.066667	319	0.959248	0.673898	591	0.321489	0.502000	0.399531	
646	0.291022	115	0.043478	239	0.962343	0.673898	646	0.291022	0.423000	0.399595	
689	0.322206	126	0.047619	185	0.908108	0.673898	689	0.322206	0.396000	0.399585	
711	0.306610	124	0.048387	165	0.933333	0.673898	711	0.306610	0.378000	0.399526	
752	0.297872	96	0.114583	152	0.934211	0.673898	752	0.297872	0.377000	0.399465	
771	0.356680	87	0.034483	142	0.894366	0.673898	771	0.356680	0.405000	0.399480	
749	0.345794	85	0.070588	166	0.945783	0.673898	749	0.345794	0.422000	0.399541	
737	0.294437	121	0.033058	142	0.964789	0.673898	737	0.294437	0.358000	0.399429	
720	0.333333	105	0.057143	175	0.942857	0.673898	720	0.333333	0.411000	0.399460	
713	0.277700	93	0.053763	194	0.984536	0.673898	713	0.277700	0.394000	0.399445	
711	0.340366	123	0.056911	166	0.927711	0.673898	711	0.340366	0.403000	0.399455	
712	0.345506	137	0.029197	151	0.980132	0.673898	712	0.345506	0.398000	0.399451	
671	0.320417	123	0.024390	206	0.946602	0.673898	671	0.320417	0.413000	0.399487	
717	0.323570	104	0.028846	179	0.977654	0.673898	717	0.323570	0.410000	0.399515	
731	0.317373	85	0.047059	184	0.913043	0.673898	731	0.317373	0.404000	0.399527	
708	0.302260	83	0.024096	209	0.866029	0.673898	708	0.302260	0.397000	0.399520	
710	0.347887	86	0.023256	204	0.833333	0.673898	710	0.347887	0.419000	0.399572	
751	0.302264	89	0.033708	160	0.887500	0.673898	751	0.302264	0.372000	0.399499	
732	0.307377	110	0.072727	158	0.974684	0.673898	732	0.307377	0.387000	0.399466	
753	0.321381	88	0.034091	159	0.930818	0.673898	753	0.321381	0.393000	0.399449	
709	0.291961	121	0.041322	170	0.911765	0.673898	709	0.291961	0.367000	0.399364	
704	0.356534	106	0.018868	190	0.947368	0.673898	704	0.356534	0.433000	0.399452	
707	0.308345	94	0.021277	199	0.949749	0.673898	707	0.308345	0.409000	0.399477	
677	0.332349	141	0.014184	182	0.895604	0.673898	677	0.332349	0.390000	0.399452	
684	0.317251	132	0.030303	184	0.961957	0.673898	684	0.317251	0.398000	0.399449	
653	0.372129	144	0.027778	203	0.960591	0.673898	653	0.372129	0.442000	0.399558	
672	0.327381	151	0.013245	177	0.971751	0.673898	672	0.327381	0.394000	0.399544	
678	0.333333	121	0.057851	201	0.945274	0.673898	678	0.333333	0.423000	0.399604	
711	0.320675	95	0.010526	194	0.932990	0.673898	711	0.320675	0.410000	0.399631	
723	0.304288	101	0.039604	176	0.954545	0.673898	723	0.304288	0.392000	0.399611	
674	0.351632	119	0.016807	207	0.932367	0.673898	674	0.351632	0.432000	0.399694	
688	0.364826	123	0.008130	189	0.931217	0.673898	688	0.364826	0.428000	0.399765	
723	0.345781	112	0.008929	165	0.915152	0.673898	723	0.345781	0.402000	0.399771	
706	0.317280	112	0.017857	182	0.846154	0.673898	706	0.317280	0.380000	0.399721	
685	0.345985	124	0.040323	191	0.926702	0.673898	685	0.345985	0.419000	0.399770	
723	0.325035	101	0.049505	176	0.988636	0.673898	723	0.325035	0.414000	0.399806	
712	0.324438	111	0.054054	177	0.983051	0.673898	712	0.324438	0.411000	0.399834	
679	0.346097	126	0.015873	195	0.964103	0.673898	679	0.346097	0.425000	0.399897	
585	0.314530	78	0.064103	337	0.967359	0.673898	585	0.314530	0.515000	0.400184	
692	0.354046	117	0.042735	191	0.979058	0.673898	692	0.354046	0.437000	0.400275	
738	0.304878	103	0.009709	159	0.930818	0.673898	738	0.304878	0.374000	0.400210	
731	0.322845	95	0.042105	174	0.925287	0.673898	731	0.322845	0.401000	0.400212	
717	0.340307	107	0.065421	176	0.948864	0.673898	717	0.340307	0.418000	0.400256	
726	0.314050	108	0.027778	166	0.921687	0.673898	726	0.314050	0.384000	0.400216	
741	0.290148	89	0.011236	170	0.917647	0.673898	741	0.290148	0.372000	0.400146	
671	0.304024	76	0.092105	253	0.944664	0.673898	671	0.304024	0.450000	0.400269	
623	0.316212	75	0.013333	302	0.920530	0.673898	623	0.316212	0.476000	0.400454	
610	0.337705	97	0.041237	293	0.948805	0.673898	610	0.337705	0.488000	0.400667	
558	0.286738	129	0.054264	313	0.936102	0.673898	558	0.286738	0.460000	0.400812	
596	0.312081	134	0.014925	270	0.962963	0.673898	596	0.312081	0.448000	0.400926	
677	0.289513	98	0.071429	225	0.937778	0.673898	677	0.289513	0.414000	0.400958	
757	0.314399	103	0.048544	140	0.950000	0.673898	757	0.314399	0.376000	0.400898	
753	0.330677	81	0.037037	166	0.915663	0.673898	753	0.330677	0.404000	0.400905	
733	0.296044	81	0.074074	186	0.897849	0.673898	733	0.296044	0.390000	0.400879	
736	0.309783	100	0.020000	164	0.932927	0.673898	736	0.309783	0.383000	0.400836	
784	0.335459	66	0.075758	150	0.966667	0.673898	784	0.335459	0.413000	0.400865	
716	0.312849	121	0.016529	163	0.944785	0.673898	716	0.312849	0.380000	0.400815	
706	0.266289	114	0.026316	180	0.994444	0.673898	706	0.266289	0.370000	0.400742	
710	0.298592	117	0.008547	173	0.959538	0.673898	710	0.298592	0.379000	0.400690	
718	0.274373	106	0.056604	176	0.954545	0.673898	718	0.274373	0.371000	0.400620	
713	0.319776	94	0.127660	193	0.979275	0.673898	713	0.319776	0.429000	0.400687	
725	0.321379	106	0.056604	169	0.982249	0.673898	725	0.321379	0.405000	0.400697	
743	0.358008	92	0.032609	165	0.981818	0.673898	743	0.358008	0.431000	0.400768	
699	0.298999	114	0.043860	187	0.983957	0.673898	699	0.298999	0.398000	0.400762	
725	0.295172	113	0.061947	162	0.975309	0.673898	725	0.295172	0.379000	0.400711	
709	0.314528	125	0.016000	166	0.939759	0.673898	709	0.314528	0.381000	0.400665	
702	0.333333	113	0.097345	185	0.935135	0.673898	702	0.333333	0.418000	0.400705	
753	0.304117	89	0.000000	158	0.962025	0.673898	753	0.304117	0.381000	0.400660	
724	0.305249	99	0.070707	177	0.983051	0.673898	724	0.305249	0.402000	0.400663	
701	0.273894	134	0.074627	165	0.969697	0.673898	701	0.273894	0.362000	0.400573	
691	0.302460	114	0.070175	195	0.979487	0.673898	691	0.302460	0.408000	0.400590	
721	0.299584	121	0.008264	158	0.974684	0.673898	721	0.299584	0.371000	0.400522	
709	0.318759	128	0.070312	163	0.975460	0.673898	709	0.318759	0.394000	0.400507	
761	0.324573	84	0.023810	155	0.967742	0.673898	761	0.324573	0.399000	0.400504	
758	0.319261	92	0.054348	150	0.986667	0.673898	758	0.319261	0.395000	0.400491	
712	0.283708	124	0.040323	164	0.939024	0.673898	712	0.283708	0.361000	0.400401	
712	0.321629	74	0.148649	214	0.976636	0.673898	712	0.321629	0.449000	0.400512	
753	0.305445	82	0.146341	165	0.963636	0.673898	753	0.305445	0.401000	0.400513	
756	0.301587	80	0.050000	164	0.975610	0.673898	756	0.301587	0.392000	0.400493	
737	0.297151	95	0.126316	168	0.952381	0.673898	737	0.297151	0.391000	0.400472	
733	0.301501	117	0.051282	150	0.953333	0.673898	733	0.301501	0.370000	0.400403	
768	0.315104	95	0.031579	137	0.970803	0.673898	768	0.315104	0.378000	0.400353	
740	0.336486	106	0.028302	154	0.961039	0.673898	740	0.336486	0.400000	0.400352	
739	0.326116	106	0.075472	155	0.980645	0.673898	739	0.326116	0.401000	0.400353	
757	0.317041	93	0.086022	150	0.986667	0.673898	757	0.317041	0.396000	0.400344	
765	0.335948	80	0.025000	155	1.000000	0.673898	765	0.335948	0.414000	0.400374	
748	0.327540	90	0.022222	162	0.993827	0.673898	748	0.327540	0.408000	0.400391	
770	0.345455	75	0.026667	155	0.980645	0.673898	770	0.345455	0.420000	0.400435	
755	0.333775	78	0.038462	167	0.988024	0.673898	755	0.333775	0.420000	0.400478	
770	0.314286	68	0.088235	162	0.993827	0.673898	770	0.314286	0.409000	0.400497	
778	0.341902	77	0.012987	145	0.972414	0.673898	778	0.341902	0.408000	0.400513	
746	0.325737	78	0.051282	176	0.988636	0.673898	746	0.325737	0.421000	0.400559	
772	0.331606	61	0.081967	167	1.000000	0.673898	772	0.331606	0.428000	0.400619	
782	0.291560	65	0.076923	153	0.960784	0.673898	782	0.291560	0.380000	0.400574	
765	0.337255	65	0.107692	170	0.982353	0.673898	765	0.337255	0.432000	0.400642	
767	0.315515	78	0.051282	155	0.974194	0.673898	767	0.315515	0.397000	0.400634	
759	0.351779	81	0.098765	160	0.956250	0.673898	759	0.351779	0.428000	0.400694	
761	0.362681	78	0.076923	161	0.894410	0.673898	761	0.362681	0.426000	0.400749	
703	0.341394	89	0.101124	208	0.937500	0.673898	703	0.341394	0.444000	0.400843	
751	0.336884	79	0.101266	170	0.958824	0.673898	751	0.336884	0.424000	0.400893	
747	0.346720	79	0.063291	174	0.954023	0.673898	747	0.346720	0.430000	0.400956	
707	0.323904	130	0.038462	163	0.895706	0.673898	707	0.323904	0.380000	0.400911	
728	0.318681	98	0.061224	174	0.954023	0.673898	728	0.318681	0.404000	0.400917	
767	0.331160	89	0.067416	144	0.951389	0.673898	767	0.331160	0.397000	0.400909	
748	0.286096	90	0.077778	162	0.987654	0.673898	748	0.286096	0.381000	0.400866	
715	0.320280	102	0.049020	183	0.967213	0.673898	715	0.320280	0.411000	0.400888	
730	0.324658	94	0.021277	176	0.977273	0.673898	730	0.324658	0.411000	0.400910	
698	0.303725	112	0.044643	190	0.968421	0.673898	698	0.303725	0.401000	0.400910	
727	0.301238	119	0.067227	154	0.980519	0.673898	727	0.301238	0.378000	0.400861	
762	0.332021	104	0.000000	134	0.985075	0.673898	762	0.332021	0.385000	0.400828	
737	0.322931	107	0.046729	156	0.993590	0.673898	737	0.322931	0.398000	0.400822	
745	0.304698	108	0.027778	147	0.965986	0.673898	745	0.304698	0.372000	0.400761	
707	0.274399	122	0.057377	171	0.941520	0.673898	707	0.274399	0.362000	0.400679	
729	0.342936	106	0.018868	165	0.975758	0.673898	729	0.342936	0.413000	0.400705	
686	0.322157	108	0.037037	206	0.990291	0.673898	686	0.322157	0.429000	0.400764	
755	0.264901	98	0.030612	147	0.816327	0.673898	755	0.264901	0.323000	0.400602	
752	0.256649	86	0.011628	162	0.969136	0.673898	752	0.256649	0.351000	0.400498	
698	0.286533	93	0.053763	209	0.937799	0.673898	698	0.286533	0.401000	0.400499	
621	0.267311	124	0.016129	255	0.917647	0.673898	621	0.267311	0.402000	0.400502	
721	0.291262	113	0.026549	166	0.885542	0.673898	721	0.291262	0.360000	0.400418	
715	0.260140	114	0.043860	171	0.947368	0.673898	715	0.260140	0.353000	0.400320	
737	0.241520	107	0.009346	156	0.955128	0.673898	737	0.241520	0.328000	0.400171	
758	0.254617	94	0.031915	148	0.959459	0.673898	758	0.254617	0.338000	0.400042	
694	0.256484	109	0.027523	197	0.934010	0.673898	694	0.256484	0.365000	0.399970	
684	0.257310	96	0.114583	220	0.945455	0.673898	684	0.257310	0.395000	0.399960	
727	0.233838	123	0.048780	150	0.940000	0.673898	727	0.233838	0.317000	0.399790	
738	0.227642	120	0.033333	142	0.887324	0.673898	738	0.227642	0.298000	0.399582	
730	0.250685	85	0.082353	185	0.935135	0.673898	730	0.250685	0.363000	0.399507	
718	0.250696	112	0.044643	170	0.911765	0.673898	718	0.250696	0.340000	0.399386	
695	0.210072	117	0.068376	188	0.829787	0.673898	695	0.210072	0.310000	0.399204	
717	0.267782	140	0.007143	143	0.874126	0.673898	717	0.267782	0.318000	0.399040	
714	0.235294	91	0.032967	195	0.871795	0.673898	714	0.235294	0.341000	0.398922	
734	0.302452	112	0.044643	154	0.837662	0.673898	734	0.302452	0.356000	0.398836	
711	0.258790	95	0.063158	194	0.871134	0.673898	711	0.258790	0.359000	0.398755	
655	0.242748	100	0.060000	245	0.877551	0.673898	655	0.242748	0.380000	0.398718	
725	0.299310	105	0.047619	170	0.870588	0.673898	725	0.299310	0.370000	0.398660	
734	0.254768	119	0.058824	147	0.891156	0.673898	734	0.254768	0.325000	0.398512	
707	0.289958	118	0.059322	175	0.902857	0.673898	707	0.289958	0.370000	0.398455	
749	0.285714	99	0.040404	152	0.927632	0.673898	749	0.285714	0.359000	0.398376	
708	0.303672	113	0.026549	179	0.927374	0.673898	708	0.303672	0.384000	0.398348	
719	0.278164	96	0.062500	185	0.902703	0.673898	719	0.278164	0.373000	0.398297	
724	0.274862	110	0.036364	166	0.915663	0.673898	724	0.274862	0.355000	0.398212	
728	0.288462	107	0.046729	165	0.921212	0.673898	728	0.288462	0.367000	0.398150	
715	0.289510	116	0.034483	169	0.934911	0.673898	715	0.289510	0.369000	0.398092	
640	0.287500	101	0.069307	259	0.880309	0.673898	640	0.287500	0.419000	0.398133	
715	0.205594	120	0.058333	165	0.921212	0.673898	715	0.205594	0.306000	0.397952	
706	0.262040	81	0.074074	213	0.892019	0.673898	706	0.262040	0.381000	0.397919	
741	0.310391	97	0.072165	162	0.845679	0.673898	741	0.310391	0.374000	0.397872	
750	0.272000	92	0.054348	158	0.867089	0.673898	750	0.272000	0.346000	0.397770	
760	0.275000	85	0.070588	155	0.896774	0.673898	760	0.275000	0.354000	0.397685	
747	0.315930	115	0.078261	138	0.934783	0.673898	747	0.315930	0.374000	0.397639	
741	0.299595	118	0.067797	141	0.829787	0.673898	741	0.299595	0.347000	0.397540	
754	0.306366	86	0.034884	160	0.843750	0.673898	754	0.306366	0.369000	0.397485	
701	0.298146	97	0.082474	202	0.905941	0.673898	701	0.298146	0.400000	0.397490	
697	0.305595	136	0.036765	167	0.934132	0.673898	697	0.305595	0.374000	0.397444	
715	0.327273	120	0.025000	165	0.987879	0.673898	715	0.327273	0.400000	0.397449	
711	0.315049	122	0.032787	167	0.958084	0.673898	711	0.315049	0.388000	0.397431	
686	0.333819	133	0.037594	181	0.961326	0.673898	686	0.333819	0.408000	0.397451	
715	0.346853	116	0.086207	169	0.958580	0.673898	715	0.346853	0.420000	0.397494	
686	0.322157	127	0.007874	187	0.983957	0.673898	686	0.322157	0.406000	0.397511	
716	0.270950	94	0.042553	190	0.889474	0.673898	716	0.270950	0.367000	0.397452	
757	0.331572	76	0.039474	167	0.874251	0.673898	757	0.331572	0.400000	0.397457	
772	0.329016	90	0.066667	138	0.920290	0.673898	772	0.329016	0.387000	0.397437	
801	0.333333	56	0.017857	143	0.965035	0.673898	801	0.333333	0.406000	0.397454	
771	0.329442	89	0.067416	140	0.871429	0.673898	771	0.329442	0.382000	0.397424	
724	0.328729	107	0.037383	169	0.982249	0.673898	724	0.328729	0.408000	0.397444	
716	0.305866	103	0.058252	181	0.944751	0.673898	716	0.305866	0.396000	0.397442	
733	0.296044	77	0.025974	190	0.884211	0.673898	733	0.296044	0.387000	0.397422	
761	0.304862	64	0.015625	175	0.931429	0.673898	761	0.304862	0.396000	0.397419	
755	0.311258	76	0.052632	169	0.911243	0.673898	755	0.311258	0.393000	0.397411	
756	0.347884	96	0.041667	148	0.966216	0.673898	756	0.347884	0.410000	0.397435	
775	0.308387	85	0.023529	140	0.878571	0.673898	775	0.308387	0.364000	0.397372	
751	0.324900	73	0.013699	176	0.937500	0.673898	751	0.324900	0.410000	0.397396	
761	0.335085	77	0.064935	162	0.876543	0.673898	761	0.335085	0.402000	0.397404	
740	0.306757	101	0.069307	159	0.968553	0.673898	740	0.306757	0.388000	0.397387	
733	0.356071	90	0.088889	177	0.915254	0.673898	733	0.356071	0.431000	0.397449	
735	0.337415	87	0.034483	178	0.938202	0.673898	735	0.337415	0.418000	0.397487	
704	0.268466	118	0.042373	178	0.870787	0.673898	704	0.268466	0.349000	0.397397	
674	0.167656	117	0.008547	209	0.842105	0.673898	674	0.167656	0.290000	0.397199	
717	0.387727	98	0.040816	185	0.913514	0.535272	717	0.387727	0.451000	0.397298	
737	0.423338	100	0.070000	163	0.963190	0.535272	737	0.423338	0.476000	0.397443	
671	0.323398	100	0.090000	229	0.956332	0.652801	671	0.323398	0.445000	0.397531	
663	0.357466	70	0.057143	267	0.940075	0.652801	663	0.357466	0.492000	0.397704	
741	0.371120	87	0.080460	172	0.959302	0.652801	741	0.371120	0.447000	0.397794	
682	0.348974	110	0.018182	208	0.956731	0.652801	682	0.348974	0.439000	0.397869	
705	0.321986	105	0.038095	190	0.973684	0.652801	705	0.321986	0.416000	0.397903	
665	0.365414	131	0.038168	204	0.960784	0.652801	665	0.365414	0.444000	0.397987	
701	0.342368	112	0.017857	187	0.973262	0.652801	701	0.342368	0.424000	0.398034	
664	0.346386	144	0.034722	192	0.958333	0.652801	664	0.346386	0.419000	0.398072	
734	0.340599	97	0.030928	169	0.982249	0.652801	734	0.340599	0.419000	0.398110	
696	0.357759	104	0.048077	200	0.970000	0.652801	696	0.357759	0.448000	0.398200	
748	0.339572	108	0.037037	144	0.972222	0.652801	748	0.339572	0.398000	0.398200	
705	0.363121	93	0.010753	202	0.965347	0.652801	705	0.363121	0.452000	0.398297	
714	0.316527	90	0.033333	196	0.948980	0.652801	714	0.316527	0.415000	0.398327	
698	0.308023	89	0.022472	213	0.953052	0.652801	698	0.308023	0.420000	0.398366	
658	0.344985	98	0.020408	244	0.946721	0.652801	658	0.344985	0.460000	0.398476	
758	0.365435	96	0.041667	146	0.938356	0.652801	758	0.365435	0.418000	0.398511	
731	0.335157	89	0.044944	180	0.988889	0.652801	731	0.335157	0.427000	0.398562	
735	0.310204	94	0.042553	171	0.935673	0.652801	735	0.310204	0.392000	0.398550	
728	0.303571	132	0.030303	140	0.850000	0.652801	728	0.303571	0.344000	0.398453	
709	0.322990	90	0.088889	201	0.955224	0.652801	709	0.322990	0.429000	0.398507	
693	0.301587	103	0.116505	204	0.946078	0.652801	693	0.301587	0.414000	0.398535	
707	0.289958	90	0.100000	203	0.921182	0.652801	707	0.289958	0.401000	0.398539	
733	0.305593	87	0.068966	180	0.961111	0.652801	733	0.305593	0.403000	0.398547	
758	0.310026	76	0.065789	166	0.945783	0.652801	758	0.310026	0.397000	0.398544	
742	0.350404	108	0.064815	150	0.900000	0.652801	742	0.350404	0.402000	0.398550	
704	0.349432	126	0.063492	170	0.852941	0.652801	704	0.349432	0.399000	0.398551	
598	0.361204	95	0.042105	307	0.915309	0.652801	598	0.361204	0.501000	0.398731	
645	0.294574	100	0.030000	255	0.894118	0.652801	645	0.294574	0.421000	0.398770	
666	0.306306	96	0.041667	238	0.978992	0.652801	666	0.306306	0.441000	0.398844	
738	0.314363	88	0.068182	174	0.890805	0.652801	738	0.314363	0.393000	0.398834	
697	0.360115	89	0.056180	214	0.943925	0.652801	697	0.360115	0.458000	0.398937	
687	0.366812	80	0.025000	233	0.896996	0.652801	687	0.366812	0.463000	0.399048	
722	0.324100	106	0.103774	172	0.901163	0.652801	722	0.324100	0.400000	0.399050	
722	0.296399	117	0.025641	161	0.950311	0.652801	722	0.296399	0.370000	0.398999	
662	0.288520	107	0.037383	231	0.835498	0.652801	662	0.288520	0.388000	0.398980	
711	0.278481	91	0.032967	198	0.888889	0.652801	711	0.278481	0.377000	0.398942	
726	0.303030	106	0.018868	168	0.815476	0.652801	726	0.303030	0.359000	0.398873	
720	0.301389	112	0.017857	168	0.898810	0.652801	720	0.301389	0.370000	0.398824	
742	0.272237	107	0.037383	151	0.847682	0.652801	742	0.272237	0.334000	0.398712	
690	0.247826	115	0.043478	195	0.876923	0.652801	690	0.247826	0.347000	0.398624	
748	0.306150	107	0.037383	145	0.958621	0.652801	748	0.306150	0.372000	0.398578	
720	0.270833	99	0.020202	181	0.823204	0.652801	720	0.270833	0.346000	0.398488	
745	0.328859	121	0.057851	134	0.880597	0.652801	745	0.328859	0.370000	0.398440	
712	0.332865	110	0.054545	178	0.859551	0.652801	712	0.332865	0.396000	0.398435	
681	0.334802	132	0.060606	187	0.951872	0.652801	681	0.334802	0.414000	0.398462	
735	0.296599	120	0.041667	145	0.951724	0.652801	735	0.296599	0.361000	0.398398	
706	0.266289	150	0.000000	144	0.937500	0.652801	706	0.266289	0.323000	0.398271	
728	0.299451	110	0.009091	162	0.858025	0.652801	728	0.299451	0.358000	0.398202	
720	0.280556	105	0.047619	175	0.828571	0.652801	720	0.280556	0.352000	0.398124	
699	0.258941	57	0.070175	244	0.881148	0.652801	699	0.258941	0.400000	0.398127	
717	0.308229	102	0.078431	181	0.856354	0.652801	717	0.308229	0.384000	0.398104	
746	0.278820	103	0.009709	151	0.834437	0.652801	746	0.278820	0.335000	0.397998	
730	0.254795	118	0.050847	152	0.927632	0.652801	730	0.254795	0.333000	0.397889	
680	0.277941	141	0.035461	179	0.910615	0.652801	680	0.277941	0.357000	0.397820	
703	0.285917	108	0.037037	189	0.904762	0.652801	703	0.285917	0.376000	0.397784	
743	0.294751	110	0.018182	147	0.897959	0.652801	743	0.294751	0.353000	0.397709	
763	0.254260	87	0.103448	150	0.920000	0.652801	763	0.254260	0.341000	0.397614	
681	0.280470	117	0.068376	202	0.851485	0.652801	681	0.280470	0.371000	0.397570	
708	0.313559	88	0.056818	204	0.901961	0.652801	708	0.313559	0.411000	0.397592	
682	0.269795	80	0.037500	238	0.915966	0.652801	682	0.269795	0.405000	0.397605	
693	0.262626	94	0.031915	213	0.892019	0.652801	693	0.262626	0.375000	0.397567	
649	0.305085	102	0.068627	249	0.847390	0.652801	649	0.305085	0.416000	0.397598	
686	0.279883	99	0.050505	215	0.902326	0.652801	686	0.279883	0.391000	0.397587	
701	0.246790	85	0.094118	214	0.859813	0.652801	701	0.246790	0.365000	0.397533	
723	0.309820	97	0.041237	180	0.872222	0.652801	723	0.309820	0.385000	0.397513	
761	0.289093	101	0.019802	138	0.898551	0.652801	761	0.289093	0.346000	0.397428	
763	0.255570	102	0.068627	135	0.859259	0.652801	763	0.255570	0.318000	0.397298	
739	0.328823	126	0.023810	135	0.851852	0.652801	739	0.328823	0.361000	0.397238	
770	0.355844	97	0.051546	133	0.939850	0.652801	770	0.355844	0.404000	0.397249	
714	0.291317	91	0.043956	195	0.969231	0.652801	714	0.291317	0.401000	0.397255	
685	0.256934	98	0.040816	217	0.917051	0.652801	685	0.256934	0.379000	0.397226	
723	0.261411	118	0.033898	159	0.893082	0.652801	723	0.261411	0.335000	0.397125	
723	0.297372	88	0.068182	189	0.894180	0.652801	723	0.297372	0.390000	0.397113	
691	0.266281	124	0.008065	185	0.729730	0.652801	691	0.266281	0.320000	0.396988	
711	0.316456	110	0.009091	179	0.888268	0.652801	711	0.316456	0.385000	0.396969	
740	0.321622	91	0.021978	169	0.816568	0.652801	740	0.321622	0.378000	0.396938	
697	0.265423	105	0.028571	198	0.914141	0.652801	697	0.265423	0.369000	0.396893	
668	0.323353	101	0.019802	231	0.883117	0.652801	668	0.323353	0.422000	0.396933	
660	0.271212	113	0.026549	227	0.929515	0.652801	660	0.271212	0.393000	0.396927	
713	0.287518	103	0.048544	184	0.967391	0.652801	713	0.287518	0.388000	0.396913	
765	0.265359	84	0.047619	151	0.973510	0.652801	765	0.265359	0.354000	0.396844	
769	0.310793	70	0.028571	161	0.875776	0.652801	769	0.310793	0.382000	0.396820	
715	0.317483	104	0.038462	181	0.834254	0.652801	715	0.317483	0.382000	0.396796	
725	0.302069	119	0.025210	156	0.852564	0.652801	725	0.302069	0.355000	0.396730	
743	0.259758	117	0.042735	140	0.864286	0.652801	743	0.259758	0.319000	0.396606	
725	0.306207	113	0.053097	162	0.845679	0.652801	725	0.306207	0.365000	0.396556	
702	0.262108	109	0.036697	189	0.883598	0.652801	702	0.262108	0.355000	0.396490	
712	0.299157	126	0.055556	162	0.876543	0.652801	712	0.299157	0.362000	0.396435	
715	0.278322	116	0.043103	169	0.834320	0.652801	715	0.278322	0.345000	0.396354	
649	0.269646	113	0.035398	238	0.861345	0.652801	649	0.269646	0.384000	0.396334	
680	0.255882	111	0.027027	209	0.933014	0.652801	680	0.255882	0.372000	0.396296	
712	0.306180	113	0.070796	175	0.822857	0.652801	712	0.306180	0.370000	0.396254	
743	0.273217	114	0.043860	143	0.839161	0.652801	743	0.273217	0.328000	0.396147	
732	0.265027	101	0.069307	167	0.922156	0.652801	732	0.265027	0.355000	0.396083	
712	0.285112	140	0.021429	148	0.912162	0.652801	712	0.285112	0.341000	0.395996	
731	0.265390	115	0.017391	154	0.889610	0.652801	731	0.265390	0.333000	0.395898	
721	0.316227	133	0.037594	146	0.842466	0.652801	721	0.316227	0.356000	0.395835	
734	0.299728	121	0.008264	145	0.862069	0.652801	734	0.299728	0.346000	0.395758	
743	0.310902	121	0.008264	136	0.882353	0.652801	743	0.310902	0.352000	0.395689	
730	0.297260	120	0.025000	150	0.940000	0.652801	730	0.297260	0.361000	0.395635	
716	0.258380	136	0.014706	148	0.966216	0.652801	716	0.258380	0.330000	0.395534	
674	0.250742	97	0.082474	229	0.855895	0.652801	674	0.250742	0.373000	0.395499	
677	0.333826	109	0.036697	214	0.869159	0.652801	677	0.333826	0.416000	0.395530	
703	0.290185	117	0.042735	180	0.877778	0.652801	703	0.290185	0.367000	0.395486	
731	0.266758	99	0.000000	170	0.888235	0.652801	731	0.266758	0.346000	0.395410	
716	0.259777	117	0.025641	167	0.844311	0.652801	716	0.259777	0.330000	0.395309	
734	0.309264	89	0.011236	177	0.892655	0.652801	734	0.309264	0.386000	0.395295	
736	0.294837	102	0.019608	162	0.845679	0.652801	736	0.294837	0.356000	0.395234	
665	0.293233	94	0.042553	241	0.780083	0.652801	665	0.293233	0.387000	0.395222	
713	0.295933	130	0.023077	157	0.872611	0.652801	713	0.295933	0.351000	0.395154	
655	0.279389	108	0.037037	237	0.881857	0.652801	655	0.279389	0.396000	0.395155	
461	0.247289	105	0.019048	434	0.859447	0.652801	461	0.247289	0.489000	0.395299	
413	0.251816	84	0.023810	503	0.870775	0.652801	413	0.251816	0.544000	0.395525	
465	0.266667	87	0.011494	448	0.870536	0.652801	465	0.266667	0.515000	0.395707	
668	0.332335	129	0.023256	203	0.940887	0.652801	668	0.332335	0.416000	0.395738	
684	0.304094	100	0.020000	216	0.949074	0.652801	684	0.304094	0.415000	0.395767	
690	0.273913	112	0.000000	198	0.878788	0.652801	690	0.273913	0.363000	0.395718	
714	0.310924	102	0.009804	184	0.896739	0.652801	714	0.310924	0.388000	0.395706	
554	0.310469	79	0.025316	367	0.861035	0.652801	554	0.310469	0.490000	0.395848	
546	0.280220	79	0.050633	375	0.818667	0.652801	546	0.280220	0.464000	0.395951	
726	0.327824	115	0.043478	159	0.817610	0.652801	726	0.327824	0.373000	0.395917	
658	0.293313	103	0.038835	239	0.820084	0.652801	658	0.293313	0.393000	0.395912	
636	0.305031	72	0.083333	292	0.900685	0.652801	636	0.305031	0.463000	0.396013	
600	0.320000	92	0.119565	308	0.876623	0.652801	600	0.320000	0.473000	0.396128	
666	0.309309	102	0.088235	232	0.887931	0.652801	666	0.309309	0.421000	0.396166	
696	0.248563	86	0.104651	218	0.880734	0.652801	696	0.248563	0.374000	0.396132	
645	0.305426	95	0.084211	260	0.850000	0.652801	645	0.305426	0.426000	0.396177	
697	0.342898	114	0.078947	189	0.878307	0.652801	697	0.342898	0.414000	0.396204	
660	0.272727	125	0.064000	215	0.869767	0.652801	660	0.272727	0.375000	0.396172	
719	0.283727	120	0.083333	161	0.944099	0.652801	719	0.283727	0.366000	0.396127	
705	0.282270	130	0.100000	165	0.890909	0.652801	705	0.282270	0.359000	0.396072	
727	0.292985	113	0.035398	160	0.918750	0.652801	727	0.292985	0.364000	0.396025	
750	0.316000	113	0.035398	137	0.912409	0.652801	750	0.316000	0.366000	0.395980	
741	0.269906	111	0.009009	148	0.817568	0.652801	741	0.269906	0.322000	0.395871	
736	0.320652	120	0.058333	144	0.826389	0.652801	736	0.320652	0.362000	0.395821	
734	0.325613	109	0.045872	157	0.853503	0.652801	734	0.325613	0.378000	0.395795	
722	0.324100	128	0.023438	150	0.900000	0.652801	722	0.324100	0.372000	0.395760	
709	0.290550	135	0.066667	156	0.858974	0.652801	709	0.290550	0.349000	0.395691	
752	0.308511	125	0.040000	123	0.878049	0.652801	752	0.308511	0.345000	0.395617	
755	0.272848	110	0.036364	135	0.918519	0.652801	755	0.272848	0.334000	0.395527	
741	0.269906	116	0.034483	143	0.881119	0.652801	741	0.269906	0.330000	0.395431	
712	0.316011	123	0.040650	165	0.933333	0.652801	712	0.316011	0.384000	0.395414	
726	0.297521	134	0.000000	140	0.864286	0.652801	726	0.297521	0.337000	0.395329	
726	0.263085	128	0.039062	146	0.821918	0.652801	726	0.263085	0.316000	0.395213	
752	0.293883	116	0.034483	132	0.946970	0.652801	752	0.293883	0.350000	0.395148	
731	0.264022	120	0.041667	149	0.899329	0.652801	731	0.264022	0.332000	0.395056	
700	0.250000	130	0.038462	170	0.858824	0.652801	700	0.250000	0.326000	0.394956	
728	0.248626	94	0.053191	178	0.814607	0.652801	728	0.248626	0.331000	0.394863	
710	0.302817	115	0.060870	175	0.840000	0.652801	710	0.302817	0.369000	0.394826	
720	0.330556	98	0.010204	182	0.851648	0.652801	720	0.330556	0.394000	0.394825	
689	0.284470	124	0.072581	187	0.951872	0.652801	689	0.284470	0.383000	0.394808	
607	0.283361	84	0.095238	309	0.909385	0.652801	607	0.283361	0.461000	0.394903	
587	0.298126	85	0.047059	328	0.835366	0.652801	587	0.298126	0.453000	0.394987	
755	0.309934	96	0.041667	149	0.825503	0.652801	755	0.309934	0.361000	0.394938	
714	0.317927	101	0.019802	185	0.800000	0.652801	714	0.317927	0.377000	0.394912	
718	0.332869	112	0.053571	170	0.811765	0.652801	718	0.332869	0.383000	0.394895	
755	0.286093	97	0.041237	148	0.891892	0.652801	755	0.286093	0.352000	0.394834	
725	0.306207	114	0.026316	161	0.881988	0.652801	725	0.306207	0.367000	0.394794	
702	0.262108	114	0.070175	184	0.885870	0.652801	702	0.262108	0.355000	0.394737	
702	0.314815	107	0.037383	191	0.848168	0.652801	702	0.314815	0.387000	0.394726	
728	0.296703	103	0.029126	169	0.857988	0.652801	728	0.296703	0.364000	0.394683	
718	0.320334	123	0.024390	159	0.924528	0.652801	718	0.320334	0.380000	0.394662	
702	0.282051	125	0.048000	173	0.867052	0.652801	702	0.282051	0.354000	0.394604	
695	0.303597	119	0.084034	186	0.919355	0.652801	695	0.303597	0.392000	0.394601	
713	0.314165	118	0.025424	169	0.875740	0.652801	713	0.314165	0.375000	0.394573	
754	0.289125	111	0.009009	135	0.785185	0.652801	754	0.289125	0.325000	0.394475	
736	0.312500	112	0.026786	152	0.921053	0.652801	736	0.312500	0.373000	0.394445	
730	0.312329	116	0.043103	154	0.954545	0.652801	730	0.312329	0.380000	0.394424	
706	0.307365	98	0.010204	196	0.913265	0.652801	706	0.307365	0.397000	0.394428	
733	0.291951	103	0.048544	164	0.884146	0.652801	733	0.291951	0.364000	0.394385	
688	0.305233	118	0.067797	194	0.829897	0.652801	688	0.305233	0.379000	0.394364	
687	0.288210	125	0.056000	188	0.845745	0.652801	687	0.288210	0.364000	0.394321	
714	0.287115	99	0.050505	187	0.791444	0.652801	714	0.287115	0.358000	0.394270	
706	0.318697	94	0.042553	200	0.870000	0.652801	706	0.318697	0.403000	0.394283	
752	0.284574	99	0.050505	149	0.899329	0.652801	752	0.284574	0.353000	0.394225	
744	0.278226	105	0.095238	151	0.860927	0.652801	744	0.278226	0.347000	0.394159	
731	0.302326	122	0.016393	147	0.782313	0.652801	731	0.302326	0.338000	0.394081	
702	0.292023	113	0.008850	185	0.772973	0.652801	702	0.292023	0.349000	0.394019	
733	0.313779	102	0.019608	165	0.866667	0.652801	733	0.313779	0.375000	0.393993	
702	0.296296	119	0.075630	179	0.882682	0.652801	702	0.296296	0.375000	0.393966	
715	0.285315	134	0.029851	151	0.801325	0.652801	715	0.285315	0.329000	0.393877	
728	0.298077	120	0.025000	152	0.697368	0.652801	728	0.298077	0.326000	0.393783	
712	0.303371	130	0.046154	158	0.873418	0.652801	712	0.303371	0.360000	0.393736	
765	0.311111	108	0.018519	127	0.874016	0.652801	765	0.311111	0.351000	0.393678	
720	0.302778	106	0.018868	174	0.793103	0.652801	720	0.302778	0.358000	0.393629	
664	0.266566	77	0.051948	259	0.833977	0.652801	664	0.266566	0.397000	0.393633	
739	0.327470	107	0.009346	154	0.831169	0.652801	739	0.327470	0.371000	0.393602	
668	0.260479	120	0.033333	212	0.863208	0.652801	668	0.260479	0.361000	0.393558	
712	0.265449	102	0.068627	186	0.865591	0.652801	712	0.265449	0.357000	0.393508	
719	0.305981	125	0.040000	156	0.762821	0.652801	719	0.305981	0.344000	0.393440	
708	0.319209	128	0.023438	164	0.835366	0.652801	708	0.319209	0.366000	0.393403	
749	0.293725	118	0.008475	133	0.819549	0.652801	749	0.293725	0.330000	0.393316	
743	0.313594	107	0.009346	150	0.886667	0.652801	743	0.313594	0.367000	0.393281	
768	0.291667	112	0.017857	120	0.808333	0.652801	768	0.291667	0.323000	0.393185	
730	0.275342	122	0.032787	148	0.864865	0.652801	730	0.275342	0.333000	0.393104	
739	0.292287	118	0.067797	143	0.888112	0.652801	739	0.292287	0.351000	0.393047	
751	0.336884	108	0.009259	141	0.858156	0.652801	751	0.336884	0.375000	0.393022	
712	0.299157	123	0.040650	165	0.957576	0.652801	712	0.299157	0.376000	0.392999	
689	0.285922	106	0.047170	205	0.965854	0.652801	689	0.285922	0.400000	0.393009	
748	0.306150	110	0.018182	142	0.852113	0.652801	748	0.306150	0.352000	0.392954	
720	0.320833	121	0.082645	159	0.811321	0.652801	720	0.320833	0.370000	0.392923	
715	0.310490	114	0.087719	171	0.923977	0.652801	715	0.310490	0.390000	0.392919	
714	0.316527	101	0.029703	185	0.935135	0.652801	714	0.316527	0.402000	0.392931	
728	0.302198	112	0.026786	160	0.856250	0.652801	728	0.302198	0.360000	0.392887	
682	0.304985	123	0.065041	195	0.851282	0.652801	682	0.304985	0.382000	0.392872	
725	0.285517	107	0.009346	168	0.934524	0.652801	725	0.285517	0.365000	0.392835	
741	0.302294	99	0.080808	160	0.937500	0.652801	741	0.302294	0.382000	0.392821	
721	0.319001	113	0.035398	166	0.915663	0.652801	721	0.319001	0.386000	0.392812	
622	0.300643	67	0.044776	311	0.871383	0.652801	622	0.300643	0.461000	0.392902	
667	0.263868	126	0.071429	207	0.937198	0.652801	667	0.263868	0.379000	0.392884	
708	0.344633	122	0.032787	170	0.811765	0.652801	708	0.344633	0.386000	0.392875	
726	0.286501	104	0.057692	170	0.864706	0.652801	726	0.286501	0.361000	0.392833	
737	0.280868	110	0.054545	153	0.928105	0.652801	737	0.280868	0.355000	0.392783	
727	0.313618	109	0.018349	164	0.932927	0.652801	727	0.313618	0.383000	0.392770	
698	0.338109	105	0.028571	197	0.893401	0.652801	698	0.338109	0.415000	0.392799	
604	0.283113	82	0.085366	314	0.869427	0.652801	604	0.283113	0.451000	0.392876	
745	0.295302	105	0.028571	150	0.873333	0.652801	745	0.295302	0.354000	0.392824	
737	0.341927	116	0.043103	147	0.850340	0.652801	737	0.341927	0.382000	0.392810	
725	0.280000	115	0.078261	160	0.900000	0.652801	725	0.280000	0.356000	0.392762	
716	0.280726	127	0.023622	157	0.866242	0.652801	716	0.280726	0.340000	0.392693	
700	0.277143	134	0.037313	166	0.885542	0.652801	700	0.277143	0.346000	0.392632	
740	0.305405	97	0.041237	163	0.938650	0.652801	740	0.305405	0.383000	0.392619	
755	0.304636	102	0.039216	143	0.965035	0.652801	755	0.304636	0.372000	0.392592	
738	0.281843	100	0.010000	162	0.981481	0.652801	738	0.281843	0.368000	0.392560	
726	0.322314	116	0.008621	158	0.949367	0.652801	726	0.322314	0.385000	0.392550	
746	0.270777	116	0.008621	138	0.949275	0.652801	746	0.270777	0.334000	0.392474	
722	0.319945	120	0.058333	158	0.879747	0.652801	722	0.319945	0.377000	0.392454	
748	0.267380	114	0.017544	138	0.789855	0.652801	748	0.267380	0.311000	0.392348	
739	0.299053	117	0.042735	144	0.930556	0.652801	739	0.299053	0.360000	0.392306	
691	0.303907	139	0.064748	170	0.941176	0.652801	691	0.303907	0.379000	0.392289	
745	0.312752	104	0.086538	151	0.973510	0.652801	745	0.312752	0.389000	0.392285	
690	0.307246	99	0.050505	211	0.905213	0.652801	690	0.307246	0.408000	0.392305	
679	0.270987	131	0.000000	190	0.857895	0.652801	679	0.270987	0.347000	0.392247	
733	0.286494	97	0.041237	170	0.847059	0.652801	733	0.286494	0.358000	0.392203	
765	0.286275	94	0.042553	141	0.858156	0.652801	765	0.286275	0.344000	0.392141	
720	0.312500	109	0.100917	171	0.842105	0.652801	720	0.312500	0.380000	0.392125	
710	0.308451	102	0.039216	188	0.856383	0.652801	710	0.308451	0.384000	0.392115	
707	0.318246	115	0.069565	178	0.865169	0.652801	707	0.318246	0.387000	0.392108	
744	0.309140	96	0.010417	160	0.818750	0.652801	744	0.309140	0.362000	0.392070	
756	0.314815	72	0.027778	172	0.843023	0.652801	756	0.314815	0.385000	0.392061	
687	0.307132	94	0.031915	219	0.863014	0.652801	687	0.307132	0.403000	0.392075	
736	0.312500	82	0.085366	182	0.846154	0.652801	736	0.312500	0.391000	0.392073	
731	0.336525	123	0.024390	146	0.972603	0.652801	731	0.336525	0.391000	0.392072	
706	0.338527	79	0.025316	215	0.902326	0.652801	706	0.338527	0.435000	0.392127	
705	0.269504	121	0.041322	174	0.931034	0.652801	705	0.269504	0.357000	0.392082	
733	0.297408	113	0.017699	154	0.935065	0.652801	733	0.297408	0.364000	0.392046	
724	0.276243	115	0.052174	161	0.819876	0.652801	724	0.276243	0.338000	0.391978	
695	0.280576	139	0.043165	166	0.927711	0.652801	695	0.280576	0.355000	0.391931	
714	0.274510	110	0.027273	176	0.971591	0.652801	714	0.274510	0.370000	0.391904	
710	0.311268	104	0.009615	186	0.946237	0.652801	710	0.311268	0.398000	0.391911	
725	0.311724	97	0.020619	178	0.859551	0.652801	725	0.311724	0.381000	0.391897	
721	0.306519	113	0.044248	166	0.867470	0.652801	721	0.306519	0.370000	0.391870	
702	0.290598	118	0.042373	180	0.911111	0.652801	702	0.290598	0.373000	0.391846	
701	0.305278	134	0.014925	165	0.890909	0.652801	701	0.305278	0.363000	0.391810	
685	0.283212	114	0.043860	201	0.865672	0.652801	685	0.283212	0.373000	0.391786	
694	0.314121	94	0.053191	212	0.905660	0.652801	694	0.314121	0.415000	0.391816	
689	0.328012	102	0.019608	209	0.870813	0.652801	689	0.328012	0.410000	0.391838	
702	0.317664	102	0.088235	196	0.811224	0.652801	702	0.317664	0.391000	0.391837	
706	0.317280	96	0.062500	198	0.808081	0.652801	706	0.317280	0.390000	0.391835	
588	0.299320	77	0.012987	335	0.829851	0.652801	588	0.299320	0.455000	0.391914	
603	0.288557	89	0.011236	308	0.837662	0.652801	603	0.288557	0.433000	0.391965	
602	0.245847	89	0.011236	309	0.896440	0.652801	602	0.245847	0.426000	0.392007	
565	0.265487	73	0.013699	362	0.886740	0.652801	565	0.265487	0.472000	0.392106	
641	0.285491	89	0.022472	270	0.874074	0.652801	641	0.285491	0.421000	0.392142	
724	0.310773	111	0.045045	165	0.812121	0.652801	724	0.310773	0.364000	0.392107	
672	0.309524	85	0.082353	243	0.835391	0.652801	672	0.309524	0.418000	0.392139	
646	0.263158	109	0.009174	245	0.889796	0.652801	646	0.263158	0.389000	0.392135	
623	0.263242	130	0.053846	247	0.862348	0.652801	623	0.263242	0.384000	0.392125	
610	0.272131	118	0.042373	272	0.856618	0.652801	610	0.272131	0.404000	0.392140	
686	0.301749	86	0.058140	228	0.855263	0.652801	686	0.301749	0.407000	0.392158	
634	0.293375	103	0.077670	263	0.817490	0.652801	634	0.293375	0.409000	0.392179	
720	0.336111	124	0.008065	156	0.794872	0.652801	720	0.336111	0.367000	0.392148	
744	0.299731	115	0.034783	141	0.907801	0.652801	744	0.299731	0.355000	0.392102	
756	0.304233	97	0.082474	147	0.931973	0.652801	756	0.304233	0.375000	0.392082	
714	0.310924	138	0.036232	148	0.858108	0.652801	714	0.310924	0.354000	0.392035	
724	0.305249	120	0.041667	156	0.833333	0.652801	724	0.305249	0.356000	0.391991	
725	0.267586	123	0.008130	152	0.894737	0.652801	725	0.267586	0.331000	0.391917	
731	0.269494	130	0.000000	139	0.798561	0.652801	731	0.269494	0.308000	0.391814	
718	0.299443	147	0.020408	135	0.807407	0.652801	718	0.299443	0.327000	0.391736	
760	0.306579	99	0.030303	141	0.851064	0.652801	760	0.306579	0.356000	0.391692	
635	0.332283	117	0.051282	248	0.887097	0.652801	635	0.332283	0.437000	0.391747	
707	0.289958	113	0.026549	180	0.805556	0.652801	707	0.289958	0.353000	0.391700	
720	0.313889	110	0.045455	170	0.870588	0.652801	720	0.313889	0.379000	0.391685	
692	0.342486	114	0.043860	194	0.891753	0.652801	692	0.342486	0.415000	0.391713	
598	0.302676	101	0.049505	301	0.923588	0.652801	598	0.302676	0.464000	0.391800	
655	0.302290	82	0.073171	263	0.847909	0.652801	655	0.302290	0.427000	0.391843	
702	0.320513	120	0.025000	178	0.943820	0.652801	702	0.320513	0.396000	0.391848	
740	0.341892	107	0.056075	153	0.960784	0.652801	740	0.341892	0.406000	0.391865	
726	0.293388	98	0.030612	176	0.903409	0.652801	726	0.293388	0.375000	0.391844	
745	0.304698	98	0.010204	157	0.853503	0.652801	745	0.304698	0.362000	0.391809	
732	0.311475	104	0.038462	164	0.890244	0.652801	732	0.311475	0.378000	0.391792	
701	0.335235	117	0.051282	182	0.928571	0.652801	701	0.335235	0.410000	0.391814	
741	0.325236	97	0.030928	162	0.876543	0.652801	741	0.325236	0.386000	0.391807	
718	0.286908	121	0.008264	161	0.944099	0.652801	718	0.286908	0.359000	0.391768	
676	0.312130	115	0.086957	209	0.813397	0.652801	676	0.312130	0.391000	0.391767	
659	0.279211	104	0.038462	237	0.869198	0.652801	659	0.279211	0.394000	0.391769	
738	0.294038	104	0.057692	158	0.873418	0.652801	738	0.294038	0.361000	0.391733	
753	0.308101	99	0.010101	148	0.932432	0.652801	753	0.308101	0.371000	0.391708	
750	0.260000	94	0.042553	156	0.910256	0.652801	750	0.260000	0.341000	0.391648	
743	0.294751	94	0.042553	163	0.883436	0.652801	743	0.294751	0.367000	0.391619	
596	0.258389	99	0.030303	305	0.944262	0.652801	596	0.258389	0.445000	0.391682	
414	0.263285	116	0.008621	470	0.927660	0.652801	414	0.263285	0.546000	0.391865	
329	0.249240	88	0.045455	583	0.979417	0.652801	329	0.249240	0.657000	0.392178	
439	0.232346	118	0.016949	443	0.925508	0.652801	439	0.232346	0.514000	0.392322	
333	0.303303	109	0.036697	558	0.887097	0.652801	333	0.303303	0.600000	0.392567	
369	0.268293	107	0.037383	524	0.958015	0.652801	369	0.268293	0.605000	0.392817	
384	0.239583	118	0.059322	498	0.907631	0.652801	384	0.239583	0.551000	0.393003	
582	0.211340	126	0.055556	292	0.866438	0.652801	582	0.211340	0.383000	0.392991	
748	0.322193	86	0.046512	166	0.921687	0.652801	748	0.322193	0.398000	0.392997	
718	0.331476	117	0.094017	165	0.939394	0.652801	718	0.331476	0.404000	0.393010	
719	0.324061	116	0.068966	165	0.945455	0.652801	719	0.324061	0.397000	0.393015	
700	0.347143	84	0.095238	216	0.930556	0.652801	700	0.347143	0.452000	0.393084	
721	0.363384	94	0.053191	185	0.897297	0.652801	721	0.363384	0.433000	0.393130	
690	0.340580	97	0.030928	213	0.868545	0.652801	690	0.340580	0.423000	0.393165	
580	0.393103	129	0.023256	291	0.972509	0.652801	580	0.393103	0.514000	0.393306	
754	0.362069	82	0.060976	164	0.987805	0.652801	754	0.362069	0.440000	0.393360	
734	0.336512	103	0.048544	163	0.969325	0.652801	734	0.336512	0.410000	0.393380	
670	0.308955	118	0.033898	212	0.981132	0.652801	670	0.308955	0.419000	0.393410	
653	0.274119	122	0.049180	225	0.871111	0.652801	653	0.274119	0.381000	0.393395	
757	0.327609	90	0.033333	153	0.810458	0.652801	757	0.327609	0.375000	0.393374	
710	0.297183	78	0.076923	212	0.787736	0.652801	710	0.297183	0.384000	0.393363	
694	0.299712	110	0.054545	196	0.836735	0.652801	694	0.299712	0.378000	0.393345	
697	0.296987	124	0.008065	179	0.910615	0.652801	697	0.296987	0.371000	0.393319	
706	0.259207	95	0.031579	199	0.859296	0.652801	706	0.259207	0.357000	0.393278	
720	0.326389	106	0.018868	174	0.798851	0.652801	720	0.326389	0.376000	0.393258	
677	0.330871	119	0.042017	204	0.882353	0.652801	677	0.330871	0.409000	0.393276	
650	0.263077	87	0.103448	263	0.882129	0.652801	650	0.263077	0.412000	0.393297	
764	0.329843	88	0.034091	148	0.905405	0.652801	764	0.329843	0.389000	0.393292	
712	0.299157	106	0.066038	182	0.912088	0.652801	712	0.299157	0.386000	0.393284	
705	0.292199	87	0.057471	208	0.908654	0.652801	705	0.292199	0.400000	0.393292	
773	0.285899	102	0.039216	125	0.880000	0.652801	773	0.285899	0.335000	0.393225	
711	0.277075	111	0.054054	178	0.926966	0.652801	711	0.277075	0.368000	0.393196	
731	0.285910	99	0.030303	170	0.923529	0.652801	731	0.285910	0.369000	0.393169	
699	0.263233	80	0.037500	221	0.909502	0.652801	699	0.263233	0.388000	0.393163	
731	0.302326	93	0.053763	176	0.903409	0.652801	731	0.302326	0.385000	0.393153	
779	0.297818	97	0.020619	124	0.895161	0.652801	779	0.297818	0.345000	0.393099	
692	0.283237	86	0.011628	222	0.882883	0.652801	692	0.283237	0.393000	0.393098	
654	0.293578	87	0.045977	259	0.888031	0.652801	654	0.293578	0.426000	0.393136	
702	0.331909	117	0.051282	181	0.889503	0.652801	702	0.331909	0.400000	0.393144	
633	0.244866	107	0.009346	260	0.911538	0.652801	633	0.244866	0.393000	0.393143	
647	0.315301	96	0.010417	257	0.879377	0.652801	647	0.315301	0.431000	0.393186	
705	0.266667	119	0.033613	176	0.886364	0.652801	705	0.266667	0.348000	0.393135	
717	0.290098	120	0.041667	163	0.877301	0.652801	717	0.290098	0.356000	0.393093	
690	0.266667	108	0.064815	202	0.896040	0.652801	690	0.266667	0.372000	0.393069	
703	0.293030	119	0.000000	178	0.848315	0.652801	703	0.293030	0.357000	0.393029	
709	0.304654	119	0.058824	172	0.877907	0.652801	709	0.304654	0.374000	0.393007	
728	0.313187	121	0.041322	151	0.920530	0.652801	728	0.313187	0.372000	0.392984	
721	0.296810	99	0.030303	180	0.861111	0.652801	721	0.296810	0.372000	0.392960	
726	0.260331	89	0.044944	185	0.864865	0.652801	726	0.260331	0.353000	0.392915	
750	0.280000	114	0.026316	136	0.904412	0.652801	750	0.280000	0.336000	0.392852	
716	0.303073	113	0.008850	171	0.976608	0.652801	716	0.303073	0.385000	0.392843	
732	0.304645	102	0.019608	166	0.987952	0.652801	732	0.304645	0.389000	0.392839	
712	0.258427	121	0.033058	167	0.976048	0.652801	712	0.258427	0.351000	0.392792	
729	0.314129	117	0.008547	154	0.980519	0.652801	729	0.314129	0.381000	0.392779	
714	0.271709	131	0.007634	155	0.948387	0.652801	714	0.271709	0.342000	0.392722	
660	0.296970	96	0.020833	244	0.877049	0.652801	660	0.296970	0.412000	0.392744	
693	0.287157	88	0.034091	219	0.936073	0.652801	693	0.287157	0.407000	0.392760	
726	0.311295	72	0.055556	202	0.876238	0.652801	726	0.311295	0.407000	0.392775	
762	0.314961	93	0.000000	145	0.889655	0.652801	762	0.314961	0.369000	0.392749	
723	0.319502	96	0.072917	181	0.845304	0.652801	723	0.319502	0.391000	0.392747	
719	0.267038	113	0.026549	168	0.851190	0.652801	719	0.267038	0.338000	0.392687	
658	0.261398	81	0.074074	261	0.827586	0.652801	658	0.261398	0.394000	0.392688	
714	0.322129	82	0.024390	204	0.852941	0.652801	714	0.322129	0.406000	0.392703	
686	0.304665	80	0.012500	234	0.897436	0.652801	686	0.304665	0.420000	0.392733	
715	0.299301	118	0.050847	167	0.832335	0.652801	715	0.299301	0.359000	0.392696	
652	0.331288	88	0.090909	260	0.869231	0.652801	652	0.331288	0.450000	0.392759	
666	0.280781	108	0.046296	226	0.818584	0.652801	666	0.280781	0.377000	0.392741	
709	0.294781	106	0.066038	185	0.924324	0.652801	709	0.294781	0.387000	0.392735	
719	0.307371	101	0.019802	180	0.922222	0.652801	719	0.307371	0.389000	0.392731	
690	0.276812	107	0.074766	203	0.876847	0.652801	690	0.276812	0.377000	0.392714	
698	0.308023	113	0.026549	189	0.904762	0.652801	698	0.308023	0.389000	0.392710	
718	0.327298	100	0.050000	182	0.890110	0.652801	718	0.327298	0.402000	0.392720	
443	0.230248	96	0.041667	461	0.887202	0.652801	443	0.230248	0.515000	0.392853	
336	0.172619	105	0.057143	559	0.944544	0.652801	336	0.172619	0.592000	0.393070	
532	0.394737	151	0.039735	317	0.902208	0.405952	532	0.394737	0.502000	0.393189	
606	0.422442	139	0.035971	255	0.913725	0.405952	606	0.422442	0.494000	0.393299	
608	0.435855	91	0.076923	301	0.910299	0.440267	608	0.435855	0.546000	0.393465	
639	0.325509	91	0.065934	270	0.918519	0.581647	639	0.325509	0.462000	0.393539	
602	0.357143	117	0.068376	281	0.882562	0.581647	602	0.357143	0.471000	0.393623	
625	0.358400	93	0.064516	282	0.801418	0.581647	625	0.358400	0.456000	0.393691	
707	0.367751	119	0.067227	174	0.908046	0.581647	707	0.367751	0.426000	0.393726	
716	0.328212	117	0.025641	167	0.874251	0.581647	716	0.328212	0.384000	0.393715	
722	0.317175	108	0.046296	170	0.876471	0.581647	722	0.317175	0.383000	0.393704	
716	0.375698	101	0.049505	183	0.945355	0.581647	716	0.375698	0.447000	0.393761	
707	0.347949	118	0.016949	175	0.960000	0.581647	707	0.347949	0.416000	0.393785	
751	0.315579	101	0.019802	148	0.878378	0.581647	751	0.315579	0.369000	0.393758	
761	0.375821	98	0.020408	141	0.858156	0.581647	761	0.375821	0.409000	0.393775	
732	0.327869	87	0.011494	181	0.911602	0.581647	732	0.327869	0.406000	0.393788	
732	0.333333	125	0.040000	143	0.916084	0.581647	732	0.333333	0.380000	0.393773	
729	0.359396	115	0.043478	156	0.942308	0.581647	729	0.359396	0.414000	0.393795	
676	0.321006	100	0.040000	224	0.919643	0.581647	676	0.321006	0.427000	0.393830	
719	0.350487	134	0.052239	147	1.000000	0.581647	719	0.350487	0.406000	0.393843	
739	0.315291	107	0.037383	154	0.980519	0.581647	739	0.315291	0.388000	0.393837	
743	0.331090	94	0.031915	163	0.938650	0.581647	743	0.331090	0.402000	0.393846	
723	0.388658	111	0.063063	166	0.969880	0.581647	723	0.388658	0.449000	0.393905	
716	0.351955	111	0.054054	173	0.953757	0.581647	716	0.351955	0.423000	0.393936	
774	0.382429	76	0.052632	150	0.960000	0.581647	774	0.382429	0.444000	0.393989	
729	0.351166	106	0.047170	165	0.951515	0.581647	729	0.351166	0.418000	0.394014	
721	0.391123	112	0.053571	167	0.850299	0.581647	721	0.391123	0.430000	0.394053	
742	0.380054	75	0.066667	183	0.945355	0.581647	742	0.380054	0.460000	0.394123	
688	0.359012	92	0.054348	220	0.931818	0.581647	688	0.359012	0.457000	0.394189	
720	0.318056	121	0.041322	159	0.773585	0.581647	720	0.318056	0.357000	0.394150	
712	0.331461	130	0.007692	158	0.854430	0.581647	712	0.331461	0.372000	0.394126	
704	0.332386	124	0.112903	172	0.941860	0.581647	704	0.332386	0.410000	0.394143	
709	0.362482	115	0.043478	176	0.920455	0.581647	709	0.362482	0.424000	0.394175	
694	0.348703	99	0.050505	207	0.937198	0.581647	694	0.348703	0.441000	0.394224	
741	0.341430	93	0.032258	166	0.891566	0.581647	741	0.341430	0.404000	0.394234	
736	0.365489	100	0.070000	164	0.859756	0.581647	736	0.365489	0.417000	0.394258	
729	0.308642	94	0.053191	177	0.926554	0.581647	729	0.308642	0.394000	0.394258	
726	0.400826	96	0.062500	178	0.910112	0.581647	726	0.400826	0.459000	0.394326	
724	0.367403	82	0.024390	194	0.860825	0.613132	724	0.367403	0.435000	0.394369	
728	0.358516	86	0.093023	186	0.833333	0.613132	728	0.358516	0.424000	0.394400	
737	0.362280	97	0.010309	166	0.867470	0.613132	737	0.362280	0.412000	0.394418	
705	0.395745	96	0.031250	199	0.904523	0.613132	705	0.395745	0.462000	0.394489	
760	0.336842	102	0.058824	138	0.927536	0.613132	760	0.336842	0.390000	0.394484	
700	0.360000	99	0.080808	201	0.830846	0.613132	700	0.360000	0.427000	0.394518	
715	0.317483	121	0.033058	164	0.902439	0.613132	715	0.317483	0.379000	0.394502	
695	0.343885	130	0.023077	175	0.840000	0.613132	695	0.343885	0.389000	0.394496	
756	0.335979	93	0.043011	151	0.920530	0.613132	756	0.335979	0.397000	0.394499	
749	0.313752	101	0.000000	150	0.926667	0.613132	749	0.313752	0.374000	0.394477	
733	0.321965	103	0.048544	164	0.932927	0.613132	733	0.321965	0.394000	0.394477	
750	0.342667	110	0.054545	140	0.885714	0.613132	750	0.342667	0.387000	0.394469	
674	0.311573	76	0.052632	250	0.896000	0.613132	674	0.311573	0.438000	0.394514	
649	0.234206	125	0.040000	226	0.942478	0.613132	649	0.234206	0.370000	0.394489	
726	0.336088	98	0.040816	176	0.920455	0.613132	726	0.336088	0.410000	0.394505	
708	0.350282	116	0.017241	176	0.869318	0.613132	708	0.350282	0.403000	0.394514	
721	0.357836	119	0.058824	160	0.868750	0.613132	721	0.357836	0.404000	0.394523	
685	0.322628	136	0.022059	179	0.893855	0.613132	685	0.322628	0.384000	0.394512	
725	0.362759	110	0.018182	165	0.896970	0.613132	725	0.362759	0.413000	0.394531	
751	0.339547	88	0.011364	161	0.850932	0.613132	751	0.339547	0.393000	0.394530	
753	0.309429	104	0.038462	143	0.860140	0.613132	753	0.309429	0.360000	0.394494	
714	0.303922	119	0.042017	167	0.928144	0.613132	714	0.303922	0.377000	0.394477	
731	0.318741	83	0.060241	186	0.817204	0.613132	731	0.318741	0.390000	0.394472	
707	0.282885	109	0.082569	184	0.804348	0.613132	707	0.282885	0.357000	0.394434	
703	0.331437	94	0.021277	203	0.955665	0.613132	703	0.331437	0.429000	0.394469	
725	0.308966	104	0.038462	171	0.976608	0.613132	725	0.308966	0.395000	0.394469	
728	0.298077	99	0.030303	173	0.959538	0.613132	728	0.298077	0.386000	0.394461	
717	0.306834	99	0.040404	184	0.923913	0.613132	717	0.306834	0.394000	0.394460	
717	0.322176	90	0.022222	193	0.844560	0.613132	717	0.322176	0.396000	0.394462	
707	0.318246	110	0.027273	183	0.825137	0.613132	707	0.318246	0.379000	0.394446	
737	0.317503	107	0.009346	156	0.903846	0.613132	737	0.317503	0.376000	0.394427	
723	0.289073	123	0.040650	154	0.961039	0.613132	723	0.289073	0.362000	0.394395	
742	0.309973	106	0.037736	152	0.980263	0.613132	742	0.309973	0.383000	0.394383	
748	0.320856	98	0.030612	154	0.928571	0.613132	748	0.320856	0.386000	0.394374	
701	0.309558	86	0.069767	213	0.962441	0.613132	701	0.309558	0.428000	0.394409	
722	0.346260	95	0.105263	183	0.972678	0.613132	722	0.346260	0.438000	0.394453	
711	0.331927	100	0.050000	189	0.873016	0.613132	711	0.331927	0.406000	0.394464	
713	0.290323	105	0.019048	182	0.895604	0.613132	713	0.290323	0.372000	0.394442	
737	0.331072	116	0.025862	147	0.952381	0.613132	737	0.331072	0.387000	0.394434	
752	0.311170	113	0.008850	135	0.888889	0.613132	752	0.311170	0.355000	0.394394	
747	0.326640	116	0.008621	137	0.868613	0.613132	747	0.326640	0.364000	0.394364	
747	0.311914	115	0.008696	138	0.898551	0.613132	747	0.311914	0.358000	0.394327	
764	0.321990	118	0.008475	118	0.957627	0.613132	764	0.321990	0.360000	0.394293	
724	0.366022	128	0.007812	148	0.864865	0.613132	724	0.366022	0.394000	0.394292	
720	0.300000	117	0.034188	163	0.901840	0.613132	720	0.300000	0.367000	0.394265	
776	0.351804	104	0.048077	120	0.800000	0.613132	776	0.351804	0.374000	0.394245	
742	0.345013	118	0.025424	140	0.757143	0.613132	742	0.345013	0.365000	0.394216	
