Rate	71.43
Rev Jump	14.29
Prior Change	14.29
Rate Tried	% Accepted	Rev Jump Tried	% Accepted	Prior Change Tried	% Accepted	Rates - Dev	Rates - Tried	Rates - Accepted	Sample Ave Acceptance	Total Ave Acceptance	
683	0.254758	115	0.017391	202	0.158416	0.811715	683	0.254758	0.208000	0.217889	
675	0.234074	125	0.040000	200	0.095000	0.811715	675	0.234074	0.182000	0.214899	
557	0.226212	115	0.017391	328	0.076220	0.811715	557	0.226212	0.153000	0.210138	
530	0.209434	137	0.007299	333	0.066066	0.811715	530	0.209434	0.134000	0.204700	
557	0.287253	159	0.012579	284	0.091549	0.811715	557	0.287253	0.188000	0.203586	
696	0.224138	133	0.052632	171	0.093567	0.811715	696	0.224138	0.179000	0.202050	
704	0.214489	95	0.042105	201	0.114428	0.811715	704	0.214489	0.178000	0.200635	
655	0.203053	76	0.065789	269	0.052045	0.811715	655	0.203053	0.152000	0.197933	
762	0.183727	102	0.019608	136	0.139706	0.811715	762	0.183727	0.161000	0.195990	
693	0.396825	96	0.020833	211	0.047393	0.530023	693	0.396825	0.287000	0.200540	
673	0.405646	107	0.018692	220	0.031818	0.530023	673	0.405646	0.282000	0.204419	
687	0.347889	112	0.026786	201	0.109453	0.592836	687	0.347889	0.264000	0.207127	
620	0.324194	126	0.039683	254	0.082677	0.592836	620	0.324194	0.227000	0.207991	
715	0.362238	118	0.050847	167	0.065868	0.592836	715	0.362238	0.276000	0.210825	
704	0.360795	122	0.016393	174	0.086207	0.592836	704	0.360795	0.271000	0.213231	
670	0.347761	135	0.000000	195	0.082051	0.592836	670	0.347761	0.249000	0.214607	
687	0.312955	118	0.008475	195	0.030769	0.592836	687	0.312955	0.222000	0.214881	
595	0.347899	112	0.017857	293	0.044369	0.592836	595	0.347899	0.222000	0.215135	
334	0.272455	89	0.044944	577	0.057192	0.592836	334	0.272455	0.128000	0.212131	
347	0.331412	101	0.039604	552	0.056159	0.592836	347	0.331412	0.150000	0.210060	
389	0.316195	104	0.000000	507	0.082840	0.592836	389	0.316195	0.165000	0.208606	
431	0.287703	91	0.032967	478	0.064854	0.592836	431	0.287703	0.158000	0.207025	
506	0.351779	65	0.015385	429	0.046620	0.592836	506	0.351779	0.199000	0.206782	
508	0.370079	82	0.000000	410	0.041463	0.592836	508	0.370079	0.205000	0.206729	
483	0.393375	77	0.000000	440	0.045455	0.592836	483	0.393375	0.210000	0.206823	
470	0.342553	92	0.032609	438	0.050228	0.592836	470	0.342553	0.186000	0.206244	
485	0.317526	101	0.009901	414	0.043478	0.592836	485	0.317526	0.173000	0.205346	
520	0.401923	89	0.000000	391	0.040921	0.592836	520	0.401923	0.225000	0.205863	
490	0.157143	91	0.000000	419	0.047733	0.839388	490	0.157143	0.097000	0.203072	
166	0.349398	43	0.023256	791	0.067004	0.545716	166	0.349398	0.112000	0.200795	
122	0.327869	62	0.000000	816	0.036765	0.545716	122	0.327869	0.070000	0.197605	
161	0.354037	47	0.000000	792	0.041667	0.545716	161	0.354037	0.090000	0.195043	
147	0.299320	52	0.000000	801	0.054931	0.545716	147	0.299320	0.088000	0.192554	
468	0.431624	70	0.014286	462	0.069264	0.545716	468	0.431624	0.235000	0.193518	
491	0.207739	77	0.000000	432	0.037037	0.821972	491	0.207739	0.118000	0.191840	
456	0.192982	84	0.000000	460	0.058696	0.821972	456	0.192982	0.115000	0.190170	
454	0.348018	96	0.000000	450	0.053333	0.621010	454	0.348018	0.182000	0.189996	
485	0.336082	106	0.009434	409	0.046455	0.621010	485	0.336082	0.183000	0.189850	
531	0.318267	85	0.023529	384	0.033854	0.621010	531	0.318267	0.184000	0.189731	
660	0.324242	108	0.037037	232	0.017241	0.621010	660	0.324242	0.222000	0.190376	
720	0.323611	105	0.038095	175	0.022857	0.621010	720	0.323611	0.241000	0.191369	
681	0.337739	114	0.008772	205	0.043902	0.621010	681	0.337739	0.240000	0.192304	
617	0.270665	101	0.019802	282	0.031915	0.621010	617	0.270665	0.178000	0.192034	
653	0.269525	91	0.000000	256	0.031250	0.621010	653	0.269525	0.184000	0.191885	
629	0.341812	109	0.018349	262	0.076336	0.621010	629	0.341812	0.237000	0.192706	
541	0.360444	83	0.072289	376	0.007979	0.621010	541	0.360444	0.204000	0.192907	
396	0.255051	113	0.017699	491	0.048880	0.621010	396	0.255051	0.127000	0.191751	
408	0.193627	136	0.000000	456	0.019737	0.621010	408	0.193627	0.088000	0.189962	
430	0.281395	118	0.000000	452	0.046460	0.523199	430	0.281395	0.142000	0.189149	
489	0.294479	97	0.010309	414	0.031401	0.523199	489	0.294479	0.158000	0.188630	
567	0.301587	105	0.000000	328	0.024390	0.523199	567	0.301587	0.179000	0.188472	
650	0.384615	112	0.008929	238	0.054622	0.523199	650	0.384615	0.264000	0.189690	
589	0.419355	118	0.033898	293	0.068259	0.523199	589	0.419355	0.271000	0.190981	
641	0.118565	115	0.034783	244	0.053279	0.951557	641	0.118565	0.093000	0.189450	
358	0.407821	92	0.021739	550	0.054545	0.570449	358	0.407821	0.178000	0.189274	
511	0.227006	89	0.011236	400	0.050000	0.869626	511	0.227006	0.137000	0.188482	
128	0.218750	62	0.000000	810	0.049383	0.869626	128	0.218750	0.068000	0.186684	
298	0.191275	64	0.046875	638	0.068966	0.869626	298	0.191275	0.104000	0.185468	
741	0.448043	94	0.000000	165	0.024242	0.484361	741	0.448043	0.336000	0.187649	
710	0.278873	92	0.021739	198	0.015152	0.688989	710	0.278873	0.203000	0.187869	
712	0.282303	111	0.036036	177	0.022599	0.688989	712	0.282303	0.209000	0.188166	
539	0.322820	89	0.033708	372	0.024194	0.688989	539	0.322820	0.186000	0.188136	
450	0.300000	79	0.000000	471	0.033970	0.688989	450	0.300000	0.151000	0.187628	
429	0.265734	80	0.000000	491	0.061100	0.688989	429	0.265734	0.144000	0.187038	
476	0.310924	114	0.026316	410	0.046341	0.688989	476	0.310924	0.170000	0.186811	
514	0.278210	105	0.000000	381	0.086614	0.688989	514	0.278210	0.176000	0.186669	
522	0.300766	73	0.027397	405	0.059259	0.688989	522	0.300766	0.183000	0.186621	
459	0.300654	100	0.010000	441	0.040816	0.688989	459	0.300654	0.157000	0.186241	
420	0.288095	76	0.013158	504	0.077381	0.688989	420	0.288095	0.161000	0.185922	
471	0.276008	80	0.050000	449	0.033408	0.688989	471	0.276008	0.149000	0.185460	
375	0.280000	72	0.027778	553	0.092224	0.688989	375	0.280000	0.158000	0.185121	
475	0.311579	95	0.010526	430	0.074419	0.688989	475	0.311579	0.181000	0.185071	
461	0.295011	99	0.000000	440	0.059091	0.688989	461	0.295011	0.162000	0.184793	
470	0.280851	82	0.000000	448	0.055804	0.688989	470	0.280851	0.157000	0.184462	
437	0.306636	101	0.000000	462	0.088745	0.688989	437	0.306636	0.175000	0.184351	
491	0.289206	71	0.000000	438	0.059361	0.688989	491	0.289206	0.168000	0.184161	
468	0.331197	81	0.000000	451	0.077605	0.688989	468	0.331197	0.190000	0.184228	
487	0.320329	77	0.000000	436	0.066514	0.688989	487	0.320329	0.185000	0.184237	
483	0.325052	91	0.021978	426	0.046948	0.688989	483	0.325052	0.179000	0.184178	
471	0.307856	87	0.000000	442	0.029412	0.688989	471	0.307856	0.158000	0.183887	
482	0.311203	79	0.025316	439	0.070615	0.688989	482	0.311203	0.183000	0.183877	
463	0.332613	78	0.000000	459	0.058824	0.688989	463	0.332613	0.181000	0.183846	
387	0.338501	73	0.013699	540	0.033333	0.688989	387	0.338501	0.150000	0.183482	
432	0.296296	101	0.009901	467	0.068522	0.688989	432	0.296296	0.161000	0.183243	
456	0.258772	82	0.000000	462	0.119048	0.688989	456	0.258772	0.173000	0.183135	
502	0.332669	73	0.000000	425	0.061176	0.688989	502	0.332669	0.193000	0.183238	
497	0.319920	75	0.000000	428	0.081776	0.688989	497	0.319920	0.194000	0.183349	
504	0.291667	81	0.000000	415	0.067470	0.688989	504	0.291667	0.175000	0.183263	
476	0.287815	83	0.000000	441	0.052154	0.688989	476	0.287815	0.160000	0.183028	
387	0.291990	74	0.027027	539	0.077922	0.688989	387	0.291990	0.157000	0.182768	
470	0.325532	89	0.000000	441	0.045351	0.688989	470	0.325532	0.173000	0.182671	
500	0.298000	99	0.020202	401	0.047382	0.688989	500	0.298000	0.170000	0.182547	
519	0.289017	111	0.009009	370	0.032432	0.688989	519	0.289017	0.163000	0.182357	
521	0.266795	86	0.023256	393	0.043257	0.688989	521	0.266795	0.158000	0.182123	
475	0.221053	76	0.000000	449	0.080178	0.688989	475	0.221053	0.141000	0.181732	
466	0.326180	84	0.011905	450	0.053333	0.688989	466	0.326180	0.177000	0.181687	
382	0.311518	75	0.040000	543	0.060773	0.688989	382	0.311518	0.155000	0.181438	
321	0.218069	64	0.031250	615	0.081301	0.688989	321	0.218069	0.122000	0.180887	
254	0.307087	63	0.000000	683	0.071742	0.688989	254	0.307087	0.127000	0.180393	
248	0.290323	43	0.000000	709	0.047955	0.688989	248	0.290323	0.106000	0.179717	
241	0.282158	40	0.000000	719	0.059805	0.688989	241	0.282158	0.111000	0.179097	
263	0.342205	39	0.000000	698	0.110315	0.688989	263	0.342205	0.167000	0.178989	
252	0.277778	40	0.000000	708	0.077684	0.688989	252	0.277778	0.125000	0.178512	
372	0.306452	68	0.029412	560	0.053571	0.688989	372	0.306452	0.146000	0.178227	
522	0.354406	105	0.019048	373	0.061662	0.688989	522	0.354406	0.210000	0.178503	
378	0.346561	87	0.011494	535	0.095327	0.688989	378	0.346561	0.183000	0.178542	
498	0.269076	71	0.014085	431	0.069606	0.688989	498	0.269076	0.165000	0.178426	
480	0.316667	82	0.036585	438	0.070776	0.688989	480	0.316667	0.186000	0.178490	
432	0.296296	104	0.009615	464	0.058190	0.688989	432	0.296296	0.156000	0.178301	
540	0.255556	114	0.035088	346	0.060694	0.688989	540	0.255556	0.163000	0.178174	
479	0.267223	117	0.034188	404	0.017327	0.688989	479	0.267223	0.139000	0.177850	
489	0.282209	131	0.000000	380	0.126316	0.688989	489	0.282209	0.186000	0.177917	
501	0.301397	121	0.000000	378	0.047619	0.688989	501	0.301397	0.169000	0.177844	
497	0.271630	116	0.008621	387	0.059432	0.688989	497	0.271630	0.159000	0.177692	
420	0.311905	73	0.000000	507	0.051282	0.688989	420	0.311905	0.157000	0.177527	
446	0.298206	69	0.000000	485	0.061856	0.688989	446	0.298206	0.163000	0.177411	
422	0.334123	70	0.000000	508	0.039370	0.688989	422	0.334123	0.161000	0.177282	
423	0.283688	104	0.000000	473	0.101480	0.688989	423	0.283688	0.168000	0.177210	
459	0.263617	76	0.026316	465	0.060215	0.688989	459	0.263617	0.151000	0.177006	
451	0.272727	80	0.000000	469	0.081023	0.688989	451	0.272727	0.161000	0.176883	
450	0.300000	79	0.012658	471	0.053079	0.688989	450	0.300000	0.161000	0.176762	
430	0.320930	71	0.014085	499	0.038076	0.688989	430	0.320930	0.158000	0.176620	
426	0.269953	67	0.000000	507	0.059172	0.688989	426	0.269953	0.145000	0.176382	
439	0.284738	67	0.000000	494	0.062753	0.688989	439	0.284738	0.156000	0.176230	
436	0.302752	73	0.000000	491	0.075356	0.688989	436	0.302752	0.169000	0.176176	
447	0.293065	71	0.000000	482	0.060166	0.688989	447	0.293065	0.160000	0.176058	
454	0.292952	71	0.000000	475	0.035789	0.688989	454	0.292952	0.150000	0.175867	
426	0.286385	86	0.000000	488	0.069672	0.688989	426	0.286385	0.156000	0.175723	
454	0.301762	69	0.028986	477	0.052411	0.688989	454	0.301762	0.164000	0.175639	
428	0.271028	75	0.026667	497	0.052314	0.688989	428	0.271028	0.144000	0.175413	
430	0.290698	63	0.000000	507	0.072978	0.688989	430	0.290698	0.162000	0.175318	
434	0.313364	71	0.028169	495	0.086869	0.688989	434	0.313364	0.181000	0.175358	
428	0.282710	71	0.000000	501	0.055888	0.688989	428	0.282710	0.149000	0.175174	
428	0.315421	66	0.000000	506	0.065217	0.688989	428	0.315421	0.168000	0.175124	
419	0.276850	75	0.000000	506	0.057312	0.688989	419	0.276850	0.145000	0.174916	
439	0.255125	76	0.000000	485	0.032990	0.688989	439	0.255125	0.128000	0.174595	
434	0.315668	81	0.000000	485	0.047423	0.688989	434	0.315668	0.160000	0.174495	
423	0.252955	85	0.000000	492	0.044715	0.688989	423	0.252955	0.129000	0.174188	
210	0.276190	58	0.051724	732	0.084699	0.688989	210	0.276190	0.123000	0.173844	
108	0.185185	54	0.000000	838	0.058473	0.688989	108	0.185185	0.069000	0.173146	
137	0.474453	44	0.000000	819	0.057387	0.477067	137	0.474453	0.112000	0.172741	
150	0.340000	50	0.000000	800	0.061250	0.657778	150	0.340000	0.100000	0.172262	
344	0.302326	71	0.014085	585	0.061538	0.657778	344	0.302326	0.141000	0.172058	
486	0.320988	73	0.027397	441	0.077098	0.657778	486	0.320988	0.192000	0.172187	
426	0.291080	95	0.010526	479	0.073069	0.657778	426	0.291080	0.160000	0.172109	
461	0.297180	90	0.022222	449	0.062361	0.657778	461	0.297180	0.167000	0.172076	
427	0.248244	79	0.012658	494	0.038462	0.657778	427	0.248244	0.126000	0.171782	
462	0.324675	69	0.000000	469	0.072495	0.657778	462	0.324675	0.184000	0.171860	
456	0.372807	105	0.009524	439	0.082005	0.657778	456	0.372807	0.207000	0.172081	
528	0.321970	104	0.000000	368	0.048913	0.657778	528	0.321970	0.188000	0.172180	
467	0.312634	109	0.027523	424	0.073113	0.657778	467	0.312634	0.180000	0.172229	
435	0.245977	109	0.000000	456	0.048246	0.657778	435	0.245977	0.129000	0.171962	
411	0.274939	105	0.000000	484	0.053719	0.657778	411	0.274939	0.139000	0.171760	
533	0.272045	116	0.008621	351	0.096866	0.657778	533	0.272045	0.180000	0.171810	
463	0.323974	89	0.011236	448	0.046875	0.657778	463	0.323974	0.172000	0.171811	
441	0.326531	71	0.000000	488	0.057377	0.657778	441	0.326531	0.172000	0.171812	
489	0.290389	111	0.009009	400	0.055000	0.657778	489	0.290389	0.165000	0.171771	
474	0.301688	107	0.009346	419	0.066826	0.657778	474	0.301688	0.172000	0.171773	
401	0.374065	80	0.000000	519	0.026975	0.657778	401	0.374065	0.164000	0.171727	
462	0.296537	110	0.009091	428	0.049065	0.657778	462	0.296537	0.159000	0.171652	
513	0.323587	131	0.000000	356	0.070225	0.657778	513	0.323587	0.191000	0.171765	
502	0.342629	123	0.000000	375	0.045333	0.657778	502	0.342629	0.189000	0.171865	
424	0.313679	108	0.018519	468	0.134615	0.657778	424	0.313679	0.198000	0.172016	
405	0.323457	118	0.016949	477	0.039832	0.657778	405	0.323457	0.152000	0.171901	
491	0.303462	112	0.008929	397	0.050378	0.657778	491	0.303462	0.170000	0.171890	
523	0.319312	90	0.033333	387	0.036176	0.657778	523	0.319312	0.184000	0.171959	
334	0.296407	70	0.042857	596	0.052013	0.657778	334	0.296407	0.133000	0.171739	
320	0.312500	71	0.028169	609	0.068966	0.657778	320	0.312500	0.144000	0.171583	
298	0.302013	75	0.000000	627	0.062201	0.657778	298	0.302013	0.129000	0.171345	
410	0.282927	79	0.025316	511	0.064579	0.657778	410	0.282927	0.151000	0.171232	
464	0.314655	84	0.035714	452	0.066372	0.657778	464	0.314655	0.179000	0.171275	
435	0.383908	94	0.031915	471	0.084926	0.657778	435	0.383908	0.210000	0.171488	
465	0.348387	89	0.056180	446	0.105381	0.657778	465	0.348387	0.214000	0.171720	
365	0.356164	117	0.000000	518	0.115830	0.657778	365	0.356164	0.190000	0.171820	
320	0.309375	106	0.037736	574	0.062718	0.657778	320	0.309375	0.139000	0.171642	
356	0.278090	119	0.008403	525	0.081905	0.657778	356	0.278090	0.143000	0.171488	
479	0.348643	69	0.000000	452	0.143805	0.657778	479	0.348643	0.232000	0.171812	
465	0.326882	77	0.025974	458	0.091703	0.657778	465	0.326882	0.196000	0.171941	
644	0.344720	94	0.042553	262	0.175573	0.657778	644	0.344720	0.272000	0.172470	
688	0.348837	114	0.026316	198	0.040404	0.657778	688	0.348837	0.251000	0.172883	
677	0.338257	136	0.022059	187	0.122995	0.657778	677	0.338257	0.255000	0.173313	
608	0.324013	96	0.020833	296	0.060811	0.657778	608	0.324013	0.217000	0.173541	
660	0.298485	80	0.025000	260	0.053846	0.657778	660	0.298485	0.213000	0.173745	
767	0.345502	78	0.000000	155	0.045161	0.657778	767	0.345502	0.272000	0.174252	
733	0.287858	109	0.009174	158	0.056962	0.657778	733	0.287858	0.221000	0.174491	
730	0.310959	106	0.037736	164	0.054878	0.657778	730	0.310959	0.240000	0.174826	
620	0.314516	91	0.032967	289	0.048443	0.657778	620	0.314516	0.212000	0.175014	
599	0.323873	66	0.060606	335	0.104478	0.657778	599	0.323873	0.233000	0.175307	
644	0.329193	79	0.063291	277	0.068592	0.657778	644	0.329193	0.236000	0.175612	
734	0.320163	63	0.031746	203	0.044335	0.657778	734	0.320163	0.246000	0.175964	
729	0.301783	86	0.034884	185	0.048649	0.657778	729	0.301783	0.232000	0.176243	
680	0.326471	87	0.068966	233	0.060086	0.657778	680	0.326471	0.242000	0.176568	
666	0.328829	56	0.035714	278	0.075540	0.657778	666	0.328829	0.242000	0.176891	
559	0.323792	88	0.034091	353	0.067989	0.657778	559	0.323792	0.208000	0.177043	
443	0.347630	81	0.000000	476	0.035714	0.657778	443	0.347630	0.171000	0.177014	
613	0.327896	127	0.023622	260	0.042308	0.657778	613	0.327896	0.215000	0.177198	
711	0.284107	103	0.038835	186	0.032258	0.657778	711	0.284107	0.212000	0.177366	
721	0.292649	116	0.017241	163	0.042945	0.657778	721	0.292649	0.220000	0.177571	
719	0.293463	113	0.035398	168	0.065476	0.657778	719	0.293463	0.226000	0.177803	
717	0.308229	105	0.009524	178	0.028090	0.657778	717	0.308229	0.227000	0.178037	
711	0.293952	112	0.017857	177	0.033898	0.657778	711	0.293952	0.217000	0.178222	
718	0.291086	103	0.009709	179	0.078212	0.657778	718	0.291086	0.224000	0.178438	
707	0.299859	117	0.008547	176	0.028409	0.657778	707	0.299859	0.218000	0.178624	
704	0.343750	104	0.028846	192	0.041667	0.657778	704	0.343750	0.253000	0.178971	
543	0.290976	71	0.042254	386	0.038860	0.657778	543	0.290976	0.176000	0.178957	
668	0.339820	77	0.090909	255	0.023529	0.657778	668	0.339820	0.240000	0.179240	
459	0.311547	69	0.086957	472	0.052966	0.657778	459	0.311547	0.174000	0.179216	
687	0.295488	86	0.023256	227	0.035242	0.657778	687	0.295488	0.213000	0.179371	
602	0.259136	114	0.035088	284	0.045775	0.657778	602	0.259136	0.173000	0.179342	
718	0.307799	112	0.026786	170	0.088235	0.657778	718	0.307799	0.239000	0.179613	
708	0.326271	100	0.060000	192	0.026042	0.657778	708	0.326271	0.242000	0.179895	
619	0.361874	87	0.045977	294	0.044218	0.657778	619	0.361874	0.241000	0.180170	
667	0.350825	80	0.037500	253	0.055336	0.657778	667	0.350825	0.251000	0.180488	
505	0.306931	58	0.068966	437	0.045767	0.657778	505	0.306931	0.179000	0.180481	
497	0.287726	49	0.000000	454	0.044053	0.657778	497	0.287726	0.163000	0.180404	
557	0.324955	99	0.020202	344	0.052326	0.657778	557	0.324955	0.201000	0.180495	
724	0.310773	108	0.009259	168	0.059524	0.657778	724	0.310773	0.236000	0.180739	
600	0.301667	90	0.066667	310	0.045161	0.657778	600	0.301667	0.201000	0.180828	
368	0.304348	39	0.051282	593	0.055649	0.657778	368	0.304348	0.147000	0.180680	
372	0.311828	39	0.025641	589	0.050934	0.657778	372	0.311828	0.147000	0.180534	
662	0.335347	57	0.035088	281	0.042705	0.657778	662	0.335347	0.236000	0.180774	
676	0.301775	67	0.029851	257	0.023346	0.657778	676	0.301775	0.212000	0.180909	
668	0.306886	61	0.000000	271	0.025830	0.657778	668	0.306886	0.212000	0.181042	
447	0.353468	74	0.027027	479	0.027140	0.657778	447	0.353468	0.173000	0.181008	
616	0.316558	90	0.033333	294	0.013605	0.657778	616	0.316558	0.202000	0.181097	
660	0.316667	75	0.093333	265	0.041509	0.657778	660	0.316667	0.227000	0.181292	
576	0.296875	70	0.028571	354	0.028249	0.657778	576	0.296875	0.183000	0.181299	
553	0.300181	49	0.122449	398	0.035176	0.657778	553	0.300181	0.186000	0.181319	
608	0.299342	59	0.067797	333	0.030030	0.657778	608	0.299342	0.196000	0.181380	
524	0.328244	80	0.037500	396	0.035354	0.657778	524	0.328244	0.189000	0.181412	
704	0.325284	99	0.040404	197	0.065990	0.657778	704	0.325284	0.246000	0.181680	
753	0.339973	100	0.030000	147	0.074830	0.657778	753	0.339973	0.270000	0.182045	
677	0.280650	113	0.017699	210	0.038095	0.657778	677	0.280650	0.200000	0.182119	
699	0.309013	91	0.065934	210	0.042857	0.657778	699	0.309013	0.231000	0.182319	
726	0.340220	88	0.045455	186	0.037634	0.657778	726	0.340220	0.258000	0.182628	
671	0.321908	94	0.063830	235	0.029787	0.657778	671	0.321908	0.229000	0.182816	
735	0.327891	92	0.010870	173	0.046243	0.657778	735	0.327891	0.250000	0.183088	
678	0.274336	134	0.022388	188	0.047872	0.657778	678	0.274336	0.198000	0.183148	
698	0.315186	119	0.025210	183	0.021858	0.657778	698	0.315186	0.227000	0.183325	
706	0.320113	129	0.023256	165	0.030303	0.657778	706	0.320113	0.234000	0.183527	
720	0.316667	124	0.008065	156	0.051282	0.657778	720	0.316667	0.237000	0.183740	
716	0.277933	104	0.019231	180	0.044444	0.657778	716	0.277933	0.209000	0.183841	
716	0.305866	102	0.039216	182	0.005495	0.657778	716	0.305866	0.224000	0.183999	
689	0.310595	121	0.066116	190	0.073684	0.657778	689	0.310595	0.236000	0.184204	
371	0.320755	74	0.081081	555	0.037838	0.657778	371	0.320755	0.146000	0.184054	
82	0.304878	31	0.000000	887	0.031567	0.657778	82	0.304878	0.053000	0.183542	
484	0.303719	85	0.070588	431	0.039443	0.657778	484	0.303719	0.170000	0.183490	
724	0.339779	94	0.042553	182	0.054945	0.657778	724	0.339779	0.260000	0.183786	
742	0.343666	105	0.000000	153	0.039216	0.657778	742	0.343666	0.261000	0.184084	
762	0.308399	97	0.010309	141	0.085106	0.657778	762	0.308399	0.248000	0.184330	
434	0.327189	86	0.046512	480	0.050000	0.657778	434	0.327189	0.170000	0.184275	
425	0.305882	88	0.000000	487	0.055441	0.657778	425	0.305882	0.157000	0.184171	
307	0.273616	70	0.028571	623	0.041734	0.657778	307	0.273616	0.112000	0.183897	
469	0.272921	97	0.020619	434	0.055300	0.657778	469	0.272921	0.154000	0.183783	
498	0.333333	101	0.019802	401	0.042394	0.657778	498	0.333333	0.185000	0.183788	
603	0.318408	92	0.076087	305	0.052459	0.657778	603	0.318408	0.215000	0.183905	
741	0.341430	108	0.000000	151	0.052980	0.657778	741	0.341430	0.261000	0.184194	
727	0.342503	112	0.000000	161	0.024845	0.657778	727	0.342503	0.253000	0.184451	
670	0.322388	95	0.042105	235	0.059574	0.657778	670	0.322388	0.234000	0.184635	
619	0.300485	109	0.064220	272	0.051471	0.657778	619	0.300485	0.207000	0.184718	
492	0.317073	118	0.008475	390	0.071795	0.657778	492	0.317073	0.185000	0.184719	
517	0.326886	80	0.000000	403	0.044665	0.657778	517	0.326886	0.187000	0.184727	
529	0.313800	54	0.018519	417	0.057554	0.657778	529	0.313800	0.191000	0.184750	
506	0.328063	54	0.018519	440	0.040909	0.657778	506	0.328063	0.185000	0.184751	
624	0.352564	87	0.034483	289	0.031142	0.657778	624	0.352564	0.232000	0.184923	
717	0.316597	132	0.030303	151	0.039735	0.657778	717	0.316597	0.237000	0.185112	
700	0.338571	119	0.025210	181	0.071823	0.657778	700	0.338571	0.253000	0.185357	
692	0.336705	122	0.049180	186	0.048387	0.657778	692	0.336705	0.248000	0.185582	
428	0.264019	108	0.018519	464	0.034483	0.657778	428	0.264019	0.131000	0.185386	
446	0.316143	75	0.066667	479	0.060543	0.657778	446	0.316143	0.175000	0.185349	
491	0.317719	56	0.053571	453	0.070640	0.657778	491	0.317719	0.191000	0.185369	
540	0.324074	77	0.051948	383	0.036554	0.657778	540	0.324074	0.193000	0.185397	
507	0.333333	78	0.064103	415	0.062651	0.657778	507	0.333333	0.200000	0.185448	
489	0.302658	62	0.032258	449	0.037862	0.657778	489	0.302658	0.167000	0.185383	
430	0.293023	73	0.000000	497	0.026157	0.657778	430	0.293023	0.139000	0.185220	
336	0.300595	62	0.064516	602	0.039867	0.657778	336	0.300595	0.129000	0.185024	
317	0.334385	42	0.000000	641	0.073323	0.657778	317	0.334385	0.153000	0.184912	
346	0.338150	43	0.000000	611	0.039280	0.657778	346	0.338150	0.141000	0.184760	
325	0.276923	55	0.036364	620	0.054839	0.657778	325	0.276923	0.126000	0.184556	
316	0.287975	60	0.000000	624	0.065705	0.657778	316	0.287975	0.132000	0.184375	
341	0.307918	61	0.000000	598	0.061873	0.657778	341	0.307918	0.142000	0.184230	
383	0.297650	52	0.000000	565	0.069027	0.657778	383	0.297650	0.153000	0.184123	
306	0.418301	62	0.032258	632	0.037975	0.657778	306	0.418301	0.154000	0.184020	
295	0.135593	56	0.000000	649	0.064715	1.130647	295	0.135593	0.082000	0.183673	
371	0.342318	54	0.000000	575	0.081739	0.674451	371	0.342318	0.174000	0.183640	
340	0.317647	68	0.000000	592	0.037162	0.674451	340	0.317647	0.130000	0.183459	
369	0.311653	64	0.000000	567	0.111111	0.674451	369	0.311653	0.178000	0.183440	
343	0.256560	61	0.016393	596	0.040268	0.674451	343	0.256560	0.113000	0.183204	
325	0.320000	59	0.050847	616	0.045455	0.674451	325	0.320000	0.135000	0.183043	
378	0.298942	65	0.000000	557	0.070018	0.674451	378	0.298942	0.152000	0.182939	
366	0.284153	66	0.030303	568	0.038732	0.674451	366	0.284153	0.128000	0.182757	
369	0.352304	69	0.000000	562	0.042705	0.674451	369	0.352304	0.154000	0.182662	
371	0.283019	76	0.026316	553	0.036166	0.674451	371	0.283019	0.127000	0.182478	
402	0.271144	61	0.000000	537	0.081937	0.674451	402	0.271144	0.153000	0.182381	
403	0.307692	66	0.000000	531	0.069680	0.674451	403	0.307692	0.161000	0.182311	
391	0.304348	78	0.000000	531	0.056497	0.674451	391	0.304348	0.149000	0.182202	
388	0.270619	64	0.000000	548	0.052920	0.674451	388	0.270619	0.134000	0.182045	
383	0.271540	43	0.000000	574	0.074913	0.674451	383	0.271540	0.147000	0.181931	
125	0.224000	22	0.045455	853	0.060961	0.674451	125	0.224000	0.081000	0.181605	
100	0.340000	37	0.054054	863	0.073001	0.674451	100	0.340000	0.099000	0.181338	
86	0.244186	45	0.000000	869	0.065593	0.674451	86	0.244186	0.078000	0.181006	
89	0.191011	24	0.000000	887	0.037204	0.674451	89	0.191011	0.050000	0.180586	
108	0.194444	22	0.000000	870	0.066667	0.629688	108	0.194444	0.079000	0.180261	
94	0.234043	36	0.000000	870	0.056322	0.621659	94	0.234043	0.071000	0.179913	
98	0.193878	29	0.000000	873	0.059565	0.621659	98	0.193878	0.071000	0.179568	
143	0.531469	37	0.027027	820	0.052439	0.428915	143	0.531469	0.120000	0.179379	
403	0.270471	72	0.000000	525	0.036190	0.628383	403	0.270471	0.128000	0.179217	
360	0.297222	67	0.000000	573	0.036649	0.628383	360	0.297222	0.128000	0.179056	
357	0.302521	53	0.000000	590	0.047458	0.628383	357	0.302521	0.136000	0.178921	
378	0.298942	65	0.000000	557	0.087971	0.628383	378	0.298942	0.162000	0.178868	
407	0.292383	57	0.000000	536	0.059701	0.628383	407	0.292383	0.151000	0.178781	
384	0.294271	67	0.000000	549	0.021858	0.628383	384	0.294271	0.125000	0.178614	
377	0.336870	78	0.000000	545	0.062385	0.628383	377	0.336870	0.161000	0.178560	
389	0.293059	72	0.000000	539	0.059369	0.628383	389	0.293059	0.146000	0.178459	
411	0.274939	85	0.000000	504	0.047619	0.628383	411	0.274939	0.137000	0.178332	
375	0.314667	78	0.012821	547	0.093236	0.628383	375	0.314667	0.170000	0.178306	
461	0.340564	105	0.009524	434	0.062212	0.628383	461	0.340564	0.185000	0.178327	
392	0.372449	102	0.009804	506	0.049407	0.628383	392	0.372449	0.172000	0.178307	
480	0.331250	98	0.000000	422	0.042654	0.628383	480	0.331250	0.177000	0.178303	
457	0.352298	114	0.000000	429	0.041958	0.628383	457	0.352298	0.179000	0.178306	
426	0.354460	78	0.012821	496	0.058468	0.628383	426	0.354460	0.181000	0.178314	
375	0.288000	68	0.000000	557	0.071813	0.628383	375	0.288000	0.148000	0.178222	
404	0.314356	59	0.000000	537	0.054004	0.628383	404	0.314356	0.156000	0.178156	
362	0.359116	84	0.000000	554	0.048736	0.628383	362	0.359116	0.157000	0.178092	
392	0.280612	65	0.000000	543	0.046041	0.628383	392	0.280612	0.135000	0.177964	
405	0.325926	71	0.000000	524	0.028626	0.628383	405	0.325926	0.147000	0.177871	
387	0.372093	47	0.000000	566	0.053004	0.628383	387	0.372093	0.174000	0.177860	
401	0.314214	90	0.033333	509	0.037328	0.628383	401	0.314214	0.148000	0.177772	
382	0.316754	72	0.013889	546	0.036630	0.628383	382	0.316754	0.142000	0.177666	
398	0.344221	59	0.000000	543	0.049724	0.628383	398	0.344221	0.164000	0.177626	
387	0.374677	69	0.014493	544	0.071691	0.628383	387	0.374677	0.185000	0.177648	
473	0.403805	80	0.025000	447	0.073826	0.628383	473	0.403805	0.226000	0.177789	
424	0.188679	82	0.000000	494	0.103239	0.965232	424	0.188679	0.131000	0.177653	
320	0.268750	67	0.014925	613	0.040783	0.712021	320	0.268750	0.112000	0.177462	
125	0.328000	42	0.000000	833	0.073229	0.712021	125	0.328000	0.102000	0.177243	
142	0.295775	61	0.000000	797	0.041405	0.712021	142	0.295775	0.075000	0.176947	
167	0.233533	55	0.000000	778	0.053985	0.712021	167	0.233533	0.081000	0.176671	
157	0.305732	41	0.000000	802	0.056110	0.712021	157	0.305732	0.093000	0.176431	
160	0.281250	40	0.000000	800	0.042500	0.712021	160	0.281250	0.079000	0.176151	
203	0.280788	62	0.032258	735	0.044898	0.712021	203	0.280788	0.092000	0.175911	
431	0.201856	56	0.035714	513	0.038986	0.712021	431	0.201856	0.109000	0.175720	
374	0.219251	77	0.000000	549	0.065574	0.712021	374	0.219251	0.118000	0.175556	
390	0.200000	55	0.000000	555	0.050450	0.712021	390	0.200000	0.106000	0.175359	
410	0.253659	65	0.000000	525	0.047619	0.712021	410	0.253659	0.129000	0.175228	
457	0.262582	68	0.014706	475	0.027368	0.712021	457	0.262582	0.134000	0.175112	
458	0.255459	90	0.000000	452	0.035398	0.712021	458	0.255459	0.133000	0.174994	
404	0.299505	113	0.000000	483	0.062112	0.712021	404	0.299505	0.151000	0.174927	
449	0.280624	104	0.000000	447	0.020134	0.712021	449	0.280624	0.135000	0.174815	
433	0.286374	99	0.000000	468	0.025641	0.712021	433	0.286374	0.136000	0.174707	
423	0.290780	104	0.000000	473	0.038055	0.712021	423	0.290780	0.141000	0.174613	
221	0.330317	81	0.049383	698	0.045845	0.712021	221	0.330317	0.109000	0.174432	
445	0.262921	104	0.000000	451	0.064302	0.712021	445	0.262921	0.146000	0.174353	
442	0.253394	91	0.010989	467	0.068522	0.712021	442	0.253394	0.145000	0.174272	
402	0.278607	84	0.011905	514	0.083658	0.712021	402	0.278607	0.156000	0.174222	
447	0.308725	95	0.000000	458	0.032751	0.712021	447	0.308725	0.153000	0.174164	
453	0.309051	72	0.013889	475	0.086316	0.712021	453	0.309051	0.182000	0.174185	
381	0.233596	80	0.000000	539	0.094620	0.712021	381	0.233596	0.140000	0.174092	
390	0.300000	59	0.000000	551	0.054446	0.712021	390	0.300000	0.147000	0.174019	
354	0.225989	64	0.031250	582	0.024055	0.712021	354	0.225989	0.096000	0.173807	
354	0.225989	64	0.015625	582	0.027491	0.712021	354	0.225989	0.097000	0.173600	
361	0.232687	80	0.037500	559	0.073345	0.712021	361	0.232687	0.128000	0.173477	
427	0.297424	91	0.010989	482	0.068465	0.712021	427	0.297424	0.161000	0.173443	
414	0.297101	91	0.010989	495	0.080808	0.712021	414	0.297101	0.164000	0.173418	
356	0.306180	60	0.000000	584	0.039384	0.712021	356	0.306180	0.132000	0.173307	
367	0.321526	78	0.000000	555	0.045045	0.712021	367	0.321526	0.143000	0.173226	
391	0.245524	82	0.000000	527	0.049336	0.712021	391	0.245524	0.122000	0.173090	
399	0.263158	69	0.000000	532	0.043233	0.712021	399	0.263158	0.128000	0.172970	
345	0.263768	82	0.048780	573	0.066318	0.712021	345	0.263768	0.133000	0.172865	
108	0.231481	14	0.000000	878	0.047836	0.712021	108	0.231481	0.067000	0.172585	
210	0.271429	41	0.048780	749	0.053405	0.712021	210	0.271429	0.099000	0.172392	
459	0.283224	69	0.000000	472	0.078390	0.712021	459	0.283224	0.167000	0.172378	
448	0.281250	89	0.000000	463	0.062635	0.712021	448	0.281250	0.155000	0.172332	
455	0.254945	61	0.000000	484	0.055785	0.712021	455	0.254945	0.143000	0.172255	
433	0.272517	86	0.000000	481	0.099792	0.712021	433	0.272517	0.166000	0.172239	
432	0.270833	71	0.000000	497	0.068410	0.712021	432	0.270833	0.151000	0.172184	
457	0.264770	77	0.000000	466	0.023605	0.712021	457	0.264770	0.132000	0.172080	
439	0.248292	80	0.000000	481	0.043659	0.712021	439	0.248292	0.130000	0.171971	
171	0.233918	47	0.042553	782	0.063939	0.712021	171	0.233918	0.092000	0.171765	
463	0.261339	53	0.000000	484	0.026860	0.712021	463	0.261339	0.134000	0.171668	
432	0.254630	68	0.000000	500	0.080000	0.712021	432	0.254630	0.150000	0.171612	
416	0.225962	94	0.000000	490	0.059184	0.712021	416	0.225962	0.123000	0.171488	
460	0.236957	87	0.000000	453	0.044150	0.712021	460	0.236957	0.129000	0.171380	
342	0.233918	74	0.027027	584	0.051370	0.712021	342	0.233918	0.112000	0.171229	
447	0.277405	83	0.000000	470	0.078723	0.712021	447	0.277405	0.161000	0.171203	
372	0.198925	101	0.019802	527	0.064516	0.712021	372	0.198925	0.110000	0.171048	
464	0.549569	78	0.025641	458	0.120087	0.372587	464	0.549569	0.312000	0.171404	
405	0.397531	73	0.027397	522	0.051724	0.515669	405	0.397531	0.190000	0.171450	
446	0.421525	67	0.029851	487	0.043121	0.515669	446	0.421525	0.211000	0.171550	
445	0.233708	65	0.000000	490	0.034694	0.843027	445	0.233708	0.121000	0.171423	
436	0.158257	63	0.000000	501	0.071856	0.843027	436	0.158257	0.105000	0.171257	
450	0.402222	70	0.000000	480	0.081250	0.542672	450	0.402222	0.220000	0.171379	
443	0.218962	71	0.000000	486	0.032922	0.916414	443	0.218962	0.113000	0.171233	
418	0.148325	64	0.000000	518	0.059846	0.916414	418	0.148325	0.093000	0.171039	
479	0.421712	92	0.032609	429	0.062937	0.469431	479	0.421712	0.232000	0.171190	
540	0.198148	110	0.000000	350	0.054286	0.803174	540	0.198148	0.126000	0.171079	
473	0.399577	124	0.032258	403	0.062035	0.519622	473	0.399577	0.218000	0.171194	
523	0.439771	97	0.000000	380	0.034211	0.519622	523	0.439771	0.243000	0.171371	
452	0.176991	101	0.029703	447	0.049217	0.881301	452	0.176991	0.105000	0.171208	
445	0.298876	64	0.000000	491	0.044807	0.654589	445	0.298876	0.155000	0.171168	
448	0.301339	75	0.000000	477	0.046122	0.654589	448	0.301339	0.157000	0.171134	
446	0.286996	76	0.000000	478	0.069038	0.654589	446	0.286996	0.161000	0.171109	
483	0.271222	63	0.000000	454	0.052863	0.654589	483	0.271222	0.155000	0.171070	
439	0.305239	68	0.014706	493	0.044625	0.654589	439	0.305239	0.157000	0.171036	
265	0.290566	42	0.023810	693	0.018759	0.654589	265	0.290566	0.091000	0.170843	
88	0.261364	27	0.037037	885	0.074576	0.654589	88	0.261364	0.090000	0.170648	
76	0.263158	25	0.000000	899	0.044494	0.654589	76	0.263158	0.060000	0.170382	
135	0.192593	19	0.052632	846	0.074468	0.654589	135	0.192593	0.090000	0.170189	
440	0.434091	87	0.000000	473	0.052854	0.444694	440	0.434091	0.216000	0.170299	
471	0.309979	55	0.036364	474	0.025316	0.608394	471	0.309979	0.160000	0.170274	
420	0.366667	69	0.028986	511	0.033268	0.608394	420	0.366667	0.173000	0.170281	
459	0.342048	73	0.000000	468	0.059829	0.608394	459	0.342048	0.185000	0.170316	
458	0.344978	64	0.000000	478	0.041841	0.608394	458	0.344978	0.178000	0.170334	
442	0.330317	76	0.000000	482	0.062241	0.608394	442	0.330317	0.176000	0.170347	
453	0.311258	88	0.011364	459	0.032680	0.608394	453	0.311258	0.157000	0.170316	
458	0.338428	81	0.012346	461	0.023861	0.608394	458	0.338428	0.167000	0.170308	
450	0.348889	81	0.000000	469	0.046908	0.608394	450	0.348889	0.179000	0.170328	
452	0.336283	70	0.000000	478	0.046025	0.608394	452	0.336283	0.174000	0.170337	
438	0.342466	89	0.000000	473	0.052854	0.608394	438	0.342466	0.175000	0.170348	
458	0.327511	84	0.000000	458	0.045852	0.608394	458	0.327511	0.171000	0.170349	
447	0.304251	92	0.000000	461	0.058568	0.608394	447	0.304251	0.163000	0.170332	
437	0.329519	55	0.000000	508	0.041339	0.608394	437	0.329519	0.165000	0.170320	
444	0.340090	68	0.000000	488	0.026639	0.608394	444	0.340090	0.164000	0.170305	
468	0.318376	94	0.031915	438	0.105023	0.608394	468	0.318376	0.198000	0.170369	
491	0.346232	71	0.014085	438	0.057078	0.608394	491	0.346232	0.196000	0.170428	
466	0.347639	72	0.000000	462	0.097403	0.608394	466	0.347639	0.207000	0.170512	
478	0.336820	80	0.000000	442	0.067873	0.608394	478	0.336820	0.191000	0.170559	
478	0.345188	83	0.000000	439	0.043280	0.608394	478	0.345188	0.184000	0.170590	
456	0.344298	64	0.000000	480	0.068750	0.608394	456	0.344298	0.190000	0.170634	
481	0.311850	89	0.011236	430	0.051163	0.608394	481	0.311850	0.173000	0.170640	
424	0.323113	91	0.021978	485	0.086598	0.608394	424	0.323113	0.181000	0.170663	
497	0.338028	96	0.031250	407	0.036855	0.608394	497	0.338028	0.186000	0.170698	
462	0.320346	66	0.000000	472	0.050847	0.608394	462	0.320346	0.172000	0.170701	
484	0.297521	77	0.000000	439	0.063781	0.608394	484	0.297521	0.172000	0.170704	
439	0.275626	72	0.013889	489	0.081800	0.608394	439	0.275626	0.162000	0.170684	
438	0.347032	83	0.024096	479	0.062630	0.608394	438	0.347032	0.184000	0.170714	
468	0.346154	87	0.011494	445	0.042697	0.608394	468	0.346154	0.182000	0.170740	
461	0.355748	73	0.027397	466	0.051502	0.608394	461	0.355748	0.190000	0.170783	
433	0.300231	86	0.011628	481	0.054054	0.608394	433	0.300231	0.157000	0.170752	
452	0.349558	69	0.014493	479	0.077244	0.608394	452	0.349558	0.196000	0.170808	
441	0.356009	79	0.000000	480	0.070833	0.608394	441	0.356009	0.191000	0.170853	
439	0.359909	78	0.000000	483	0.043478	0.608394	439	0.359909	0.179000	0.170871	
442	0.296380	89	0.000000	469	0.108742	0.608394	442	0.296380	0.182000	0.170896	
441	0.333333	76	0.000000	483	0.093168	0.608394	441	0.333333	0.192000	0.170942	
443	0.318284	81	0.024691	476	0.042017	0.608394	443	0.318284	0.163000	0.170925	
358	0.329609	66	0.000000	576	0.059028	0.608394	358	0.329609	0.152000	0.170883	
355	0.366197	63	0.000000	582	0.051546	0.608394	355	0.366197	0.160000	0.170859	
395	0.331646	72	0.000000	533	0.050657	0.608394	395	0.331646	0.158000	0.170831	
376	0.319149	67	0.000000	557	0.039497	0.608394	376	0.319149	0.142000	0.170768	
383	0.331593	55	0.000000	562	0.044484	0.608394	383	0.331593	0.152000	0.170727	
407	0.326781	66	0.015152	527	0.060721	0.608394	407	0.326781	0.166000	0.170717	
447	0.328859	81	0.012346	472	0.069915	0.608394	447	0.328859	0.181000	0.170739	
428	0.317757	82	0.000000	490	0.071429	0.608394	428	0.317757	0.171000	0.170740	
329	0.331307	74	0.013514	597	0.055276	0.608394	329	0.331307	0.143000	0.170680	
394	0.304569	51	0.019608	555	0.045045	0.608394	394	0.304569	0.146000	0.170627	
502	0.332669	62	0.000000	436	0.075688	0.608394	502	0.332669	0.200000	0.170690	
487	0.347023	75	0.000000	438	0.052511	0.608394	487	0.347023	0.192000	0.170736	
515	0.366990	60	0.000000	425	0.047059	0.608394	515	0.366990	0.209000	0.170818	
435	0.335632	70	0.028571	495	0.050505	0.608394	435	0.335632	0.173000	0.170822	
470	0.361702	70	0.000000	460	0.060870	0.608394	470	0.361702	0.198000	0.170880	
415	0.318072	65	0.015385	520	0.080769	0.608394	415	0.318072	0.175000	0.170889	
496	0.298387	76	0.013158	428	0.070093	0.608394	496	0.298387	0.179000	0.170906	
455	0.340659	101	0.000000	444	0.076577	0.608394	455	0.340659	0.189000	0.170945	
488	0.329918	64	0.000000	448	0.073661	0.608394	488	0.329918	0.194000	0.170993	
442	0.285068	81	0.000000	477	0.064990	0.608394	442	0.285068	0.157000	0.170964	
460	0.319565	70	0.000000	470	0.057447	0.608394	460	0.319565	0.174000	0.170970	
432	0.344907	91	0.000000	477	0.069182	0.608394	432	0.344907	0.182000	0.170993	
451	0.312639	93	0.021505	456	0.081140	0.608394	451	0.312639	0.180000	0.171012	
449	0.329621	109	0.018349	442	0.042986	0.608394	449	0.329621	0.169000	0.171008	
453	0.364238	72	0.027778	475	0.044211	0.608394	453	0.364238	0.188000	0.171043	
456	0.302632	88	0.000000	456	0.129386	0.608394	456	0.302632	0.197000	0.171098	
487	0.310062	74	0.000000	439	0.091116	0.608394	487	0.310062	0.191000	0.171139	
437	0.283753	90	0.000000	473	0.076110	0.608394	437	0.283753	0.160000	0.171116	
445	0.379775	85	0.000000	470	0.048936	0.608394	445	0.379775	0.192000	0.171159	
445	0.359551	106	0.000000	449	0.046771	0.608394	445	0.359551	0.181000	0.171179	
476	0.331933	78	0.000000	446	0.035874	0.608394	476	0.331933	0.174000	0.171185	
421	0.356295	67	0.000000	512	0.060547	0.608394	421	0.356295	0.181000	0.171205	
401	0.321696	86	0.023256	513	0.052632	0.608394	401	0.321696	0.158000	0.171178	
451	0.305987	68	0.000000	481	0.029106	0.608394	451	0.305987	0.152000	0.171139	
460	0.347826	84	0.000000	456	0.103070	0.608394	460	0.347826	0.207000	0.171212	
452	0.347345	81	0.000000	467	0.051392	0.608394	452	0.347345	0.181000	0.171232	
434	0.341014	80	0.000000	486	0.055556	0.608394	434	0.341014	0.175000	0.171240	
465	0.350538	82	0.000000	453	0.070640	0.608394	465	0.350538	0.195000	0.171288	
450	0.342222	93	0.000000	457	0.021882	0.608394	450	0.342222	0.164000	0.171273	
489	0.335378	80	0.000000	431	0.055684	0.608394	489	0.335378	0.188000	0.171307	
210	0.333333	51	0.039216	739	0.056834	0.608394	210	0.333333	0.114000	0.171192	
453	0.348786	75	0.000000	472	0.072034	0.608394	453	0.348786	0.192000	0.171234	
443	0.318284	71	0.000000	486	0.049383	0.608394	443	0.318284	0.165000	0.171221	
411	0.321168	84	0.000000	505	0.059406	0.608394	411	0.321168	0.162000	0.171202	
444	0.331081	69	0.000000	487	0.078029	0.608394	444	0.331081	0.185000	0.171230	
479	0.331942	73	0.027397	448	0.064732	0.608394	479	0.331942	0.190000	0.171268	
437	0.368421	97	0.000000	466	0.081545	0.608394	437	0.368421	0.199000	0.171323	
516	0.325581	91	0.010989	393	0.061069	0.608394	516	0.325581	0.193000	0.171366	
537	0.350093	94	0.000000	369	0.035230	0.608394	537	0.350093	0.201000	0.171425	
448	0.348214	102	0.019608	450	0.095556	0.608394	448	0.348214	0.201000	0.171484	
174	0.356322	38	0.026316	788	0.054569	0.608394	174	0.356322	0.106000	0.171354	
426	0.345070	90	0.011111	484	0.066116	0.608394	426	0.345070	0.180000	0.171371	
529	0.355388	93	0.000000	378	0.047619	0.608394	529	0.355388	0.206000	0.171440	
514	0.334630	80	0.000000	406	0.041872	0.608394	514	0.334630	0.189000	0.171474	
555	0.363964	96	0.000000	349	0.042980	0.608394	555	0.363964	0.217000	0.171564	
535	0.379439	90	0.000000	375	0.037333	0.608394	535	0.379439	0.217000	0.171653	
457	0.393873	73	0.027397	470	0.048936	0.608394	457	0.393873	0.205000	0.171718	
462	0.335498	95	0.010526	443	0.049661	0.608394	462	0.335498	0.178000	0.171730	
431	0.341067	84	0.000000	485	0.035052	0.608394	431	0.341067	0.164000	0.171715	
463	0.345572	64	0.031250	473	0.046512	0.608394	463	0.345572	0.184000	0.171739	
451	0.312639	74	0.027027	475	0.035789	0.608394	451	0.312639	0.160000	0.171716	
433	0.332564	75	0.000000	492	0.060976	0.608394	433	0.332564	0.174000	0.171721	
476	0.308824	75	0.000000	449	0.051225	0.608394	476	0.308824	0.170000	0.171717	
454	0.339207	100	0.000000	446	0.067265	0.608394	454	0.339207	0.184000	0.171741	
431	0.352668	78	0.000000	491	0.069246	0.608394	431	0.352668	0.186000	0.171768	
436	0.316514	82	0.000000	482	0.060166	0.608394	436	0.316514	0.167000	0.171759	
467	0.349036	88	0.000000	445	0.051685	0.608394	467	0.349036	0.186000	0.171787	
443	0.340858	78	0.000000	479	0.041754	0.608394	443	0.340858	0.171000	0.171785	
416	0.375000	73	0.000000	511	0.068493	0.608394	416	0.375000	0.191000	0.171822	
477	0.354298	69	0.000000	454	0.046256	0.608394	477	0.354298	0.190000	0.171857	
432	0.314815	74	0.000000	494	0.078947	0.608394	432	0.314815	0.175000	0.171863	
416	0.338942	87	0.000000	497	0.036217	0.608394	416	0.338942	0.159000	0.171838	
439	0.330296	88	0.000000	473	0.048626	0.608394	439	0.330296	0.168000	0.171831	
479	0.338205	66	0.000000	455	0.085714	0.608394	479	0.338205	0.201000	0.171886	
424	0.344340	82	0.000000	494	0.036437	0.608394	424	0.344340	0.164000	0.171871	
494	0.321862	72	0.000000	434	0.052995	0.608394	494	0.321862	0.182000	0.171890	
483	0.354037	71	0.000000	446	0.065022	0.608394	483	0.354037	0.200000	0.171943	
455	0.336264	94	0.000000	451	0.042129	0.608394	455	0.336264	0.172000	0.171943	
312	0.323718	58	0.051724	630	0.053968	0.608394	312	0.323718	0.138000	0.171880	
283	0.275618	64	0.015625	653	0.068913	0.608394	283	0.275618	0.124000	0.171790	
303	0.333333	59	0.050847	638	0.048589	0.608394	303	0.333333	0.135000	0.171721	
490	0.293878	73	0.013699	437	0.048055	0.608394	490	0.293878	0.166000	0.171711	
442	0.350679	92	0.000000	466	0.072961	0.608394	442	0.350679	0.189000	0.171743	
459	0.315904	81	0.000000	460	0.041304	0.608394	459	0.315904	0.164000	0.171728	
464	0.329741	69	0.000000	467	0.077088	0.608394	464	0.329741	0.189000	0.171760	
469	0.343284	86	0.000000	445	0.083146	0.608394	469	0.343284	0.198000	0.171809	
462	0.324675	80	0.000000	458	0.063319	0.608394	462	0.324675	0.179000	0.171822	
459	0.344227	101	0.000000	440	0.065909	0.608394	459	0.344227	0.187000	0.171850	
470	0.348936	72	0.000000	458	0.089520	0.608394	470	0.348936	0.205000	0.171911	
436	0.353211	76	0.000000	488	0.065574	0.608394	436	0.353211	0.186000	0.171937	
441	0.287982	80	0.000000	479	0.056367	0.608394	441	0.287982	0.154000	0.171904	
442	0.332579	76	0.000000	482	0.068465	0.608394	442	0.332579	0.180000	0.171919	
446	0.365471	65	0.000000	489	0.089980	0.608394	446	0.365471	0.207000	0.171983	
429	0.312354	83	0.000000	488	0.081967	0.608394	429	0.312354	0.174000	0.171987	
160	0.293750	43	0.023256	797	0.066499	0.608394	160	0.293750	0.101000	0.171858	
380	0.334211	69	0.043478	551	0.059891	0.608394	380	0.334211	0.163000	0.171842	
411	0.323601	80	0.000000	509	0.033399	0.608394	411	0.323601	0.150000	0.171802	
497	0.340040	71	0.000000	432	0.062500	0.608394	497	0.340040	0.196000	0.171846	
433	0.353349	82	0.024390	485	0.045361	0.608394	433	0.353349	0.177000	0.171855	
405	0.338272	81	0.037037	514	0.040856	0.608394	405	0.338272	0.161000	0.171835	
155	0.335484	44	0.022727	801	0.061174	0.608394	155	0.335484	0.102000	0.171710	
418	0.334928	89	0.000000	493	0.044625	0.608394	418	0.334928	0.162000	0.171692	
511	0.365949	90	0.011111	399	0.050125	0.608394	511	0.365949	0.208000	0.171757	
523	0.395793	104	0.019231	373	0.024129	0.608394	523	0.395793	0.218000	0.171840	
442	0.309955	92	0.010870	466	0.055794	0.608394	442	0.309955	0.164000	0.171826	
472	0.336864	82	0.000000	446	0.051570	0.608394	472	0.336864	0.182000	0.171844	
431	0.354988	86	0.000000	483	0.053830	0.608394	431	0.354988	0.179000	0.171857	
453	0.326711	89	0.000000	458	0.045852	0.608394	453	0.326711	0.169000	0.171852	
446	0.352018	77	0.000000	477	0.062893	0.608394	446	0.352018	0.187000	0.171879	
429	0.328671	71	0.028169	500	0.034000	0.608394	429	0.328671	0.160000	0.171858	
461	0.401302	82	0.000000	457	0.085339	0.608394	461	0.401302	0.224000	0.171950	
425	0.188235	72	0.000000	503	0.073559	0.848974	425	0.188235	0.117000	0.171853	
442	0.205882	77	0.000000	481	0.064449	0.848606	442	0.205882	0.122000	0.171765	
473	0.188161	71	0.000000	456	0.072368	0.848606	473	0.188161	0.122000	0.171678	
494	0.378543	65	0.000000	441	0.097506	0.545895	494	0.378543	0.230000	0.171780	
462	0.387446	66	0.000000	472	0.072034	0.545895	462	0.387446	0.213000	0.171852	
442	0.337104	84	0.000000	474	0.044304	0.545895	442	0.337104	0.170000	0.171849	
242	0.359504	55	0.018182	703	0.055477	0.545895	242	0.359504	0.127000	0.171771	
108	0.361111	17	0.000000	875	0.028571	0.545895	108	0.361111	0.064000	0.171583	
381	0.325459	73	0.013699	546	0.065934	0.545895	381	0.325459	0.161000	0.171564	
454	0.352423	83	0.000000	463	0.038877	0.545895	454	0.352423	0.178000	0.171575	
461	0.386117	86	0.000000	453	0.059603	0.545895	461	0.386117	0.205000	0.171633	
472	0.355932	75	0.000000	453	0.066225	0.545895	472	0.355932	0.198000	0.171679	
445	0.384270	67	0.000000	488	0.051230	0.545895	445	0.384270	0.196000	0.171721	
222	0.333333	38	0.026316	740	0.059459	0.545895	222	0.333333	0.119000	0.171630	
114	0.359649	20	0.000000	866	0.048499	0.545895	114	0.359649	0.083000	0.171477	
138	0.340580	24	0.000000	838	0.076372	0.545895	138	0.340580	0.111000	0.171373	
415	0.428916	73	0.013699	512	0.066406	0.545895	415	0.428916	0.213000	0.171445	
454	0.383260	85	0.047059	461	0.091106	0.615304	454	0.383260	0.220000	0.171528	
451	0.323725	95	0.010526	454	0.052863	0.615304	451	0.323725	0.171000	0.171527	
526	0.365019	85	0.011765	389	0.046272	0.615304	526	0.365019	0.211000	0.171595	
452	0.294248	78	0.000000	470	0.059574	0.615304	452	0.294248	0.161000	0.171576	
463	0.308855	60	0.000000	477	0.060797	0.615304	463	0.308855	0.172000	0.171577	
466	0.306867	93	0.000000	441	0.040816	0.615304	466	0.306867	0.161000	0.171559	
461	0.321041	72	0.000000	467	0.051392	0.615304	461	0.321041	0.172000	0.171560	
465	0.305376	67	0.014925	468	0.014957	0.615304	465	0.305376	0.150000	0.171523	
520	0.373077	76	0.000000	404	0.059406	0.615304	520	0.373077	0.218000	0.171602	
541	0.377079	91	0.000000	368	0.059783	0.615304	541	0.377079	0.226000	0.171694	
534	0.346442	95	0.010526	371	0.083558	0.615304	534	0.346442	0.217000	0.171770	
471	0.320594	89	0.000000	440	0.038636	0.615304	471	0.320594	0.168000	0.171764	
480	0.325000	76	0.000000	444	0.058559	0.615304	480	0.325000	0.182000	0.171781	
355	0.290141	71	0.014085	574	0.059233	0.615304	355	0.290141	0.138000	0.171725	
447	0.275168	87	0.011494	466	0.049356	0.615304	447	0.275168	0.147000	0.171683	
453	0.317881	72	0.000000	475	0.044211	0.615304	453	0.317881	0.165000	0.171672	
458	0.371179	80	0.000000	462	0.045455	0.615304	458	0.371179	0.191000	0.171704	
436	0.314220	90	0.000000	474	0.044304	0.615304	436	0.314220	0.158000	0.171681	
409	0.332518	89	0.000000	502	0.043825	0.615304	409	0.332518	0.158000	0.171659	
445	0.325843	70	0.000000	485	0.041237	0.615304	445	0.325843	0.165000	0.171648	
416	0.307692	65	0.000000	519	0.046243	0.615304	416	0.307692	0.152000	0.171615	
483	0.329193	67	0.000000	450	0.051111	0.615304	483	0.329193	0.182000	0.171632	
444	0.299550	66	0.030303	490	0.051020	0.615304	444	0.299550	0.160000	0.171613	
439	0.293850	83	0.000000	478	0.041841	0.615304	439	0.293850	0.149000	0.171576	
450	0.348889	70	0.000000	480	0.041667	0.615304	450	0.348889	0.177000	0.171585	
454	0.277533	85	0.000000	461	0.041215	0.615304	454	0.277533	0.145000	0.171541	
444	0.317568	71	0.000000	485	0.047423	0.615304	444	0.317568	0.164000	0.171528	
454	0.314978	71	0.000000	475	0.077895	0.615304	454	0.314978	0.180000	0.171542	
456	0.328947	92	0.000000	452	0.090708	0.615304	456	0.328947	0.191000	0.171574	
144	0.333333	27	0.074074	829	0.063932	0.615304	144	0.333333	0.103000	0.171462	
478	0.334728	54	0.000000	468	0.051282	0.615304	478	0.334728	0.184000	0.171483	
456	0.302632	74	0.000000	470	0.063830	0.615304	456	0.302632	0.168000	0.171477	
476	0.317227	65	0.030769	459	0.023965	0.615304	476	0.317227	0.164000	0.171465	
438	0.305936	66	0.000000	496	0.062500	0.615304	438	0.305936	0.165000	0.171454	
481	0.353430	52	0.000000	467	0.032120	0.615304	481	0.353430	0.185000	0.171476	
431	0.294664	67	0.000000	502	0.073705	0.615304	431	0.294664	0.164000	0.171464	
471	0.316348	68	0.000000	461	0.052061	0.615304	471	0.316348	0.173000	0.171467	
455	0.320879	70	0.000000	475	0.056842	0.615304	455	0.320879	0.173000	0.171469	
490	0.332653	47	0.000000	463	0.049676	0.615304	490	0.332653	0.186000	0.171492	
485	0.292784	55	0.036364	460	0.106522	0.615304	485	0.292784	0.193000	0.171527	
521	0.368522	100	0.010000	379	0.047493	0.615304	521	0.368522	0.211000	0.171590	
556	0.401079	115	0.017391	329	0.075988	0.615304	556	0.401079	0.250000	0.171716	
543	0.138122	107	0.000000	350	0.051429	1.062357	543	0.138122	0.093000	0.171590	
479	0.189979	60	0.016667	461	0.075922	0.840303	479	0.189979	0.127000	0.171519	
509	0.487230	55	0.000000	436	0.061927	0.427428	509	0.487230	0.275000	0.171684	
509	0.292731	65	0.000000	426	0.068075	0.613548	509	0.292731	0.178000	0.171694	
476	0.346639	60	0.033333	464	0.028017	0.613548	476	0.346639	0.180000	0.171707	
463	0.306695	54	0.018519	483	0.031056	0.613548	463	0.306695	0.158000	0.171685	
137	0.284672	40	0.025000	823	0.044957	0.613548	137	0.284672	0.077000	0.171535	
168	0.297619	54	0.000000	778	0.042416	0.613548	168	0.297619	0.083000	0.171395	
167	0.299401	39	0.000000	794	0.042821	0.613548	167	0.299401	0.084000	0.171257	
151	0.331126	45	0.000000	804	0.058458	0.613548	151	0.331126	0.097000	0.171140	
153	0.333333	50	0.000000	797	0.047679	0.613548	153	0.333333	0.089000	0.171011	
353	0.291785	65	0.030769	582	0.034364	0.613548	353	0.291785	0.125000	0.170938	
484	0.369835	60	0.000000	456	0.046053	0.613548	484	0.369835	0.200000	0.170984	
473	0.272727	72	0.000000	455	0.048352	0.613548	473	0.272727	0.151000	0.170953	
487	0.332649	64	0.000000	449	0.053452	0.613548	487	0.332649	0.186000	0.170976	
497	0.309859	49	0.000000	454	0.059471	0.613548	497	0.309859	0.181000	0.170992	
474	0.343882	62	0.000000	464	0.071121	0.613548	474	0.343882	0.196000	0.171031	
507	0.349112	55	0.036364	438	0.047945	0.613548	507	0.349112	0.200000	0.171076	
120	0.225000	48	0.020833	832	0.040865	0.613548	120	0.225000	0.062000	0.170906	
155	0.316129	38	0.026316	807	0.053284	0.613548	155	0.316129	0.093000	0.170785	
426	0.288732	84	0.011905	490	0.038776	0.613548	426	0.288732	0.143000	0.170742	
486	0.353909	67	0.014925	447	0.051454	0.613548	486	0.353909	0.196000	0.170781	
445	0.332584	59	0.000000	496	0.042339	0.613548	445	0.332584	0.169000	0.170779	
471	0.292994	73	0.000000	456	0.043860	0.613548	471	0.292994	0.158000	0.170759	
494	0.297571	72	0.000000	434	0.013825	0.613548	494	0.297571	0.153000	0.170732	
474	0.318565	63	0.000000	463	0.077754	0.613548	474	0.318565	0.187000	0.170757	
454	0.270925	78	0.000000	468	0.066239	0.613548	454	0.270925	0.154000	0.170731	
439	0.323462	78	0.025641	483	0.076605	0.613548	439	0.323462	0.181000	0.170747	
470	0.302128	65	0.000000	465	0.070968	0.613548	470	0.302128	0.175000	0.170753	
448	0.328125	95	0.000000	457	0.059081	0.613548	448	0.328125	0.174000	0.170758	
448	0.357143	65	0.030769	487	0.045175	0.613548	448	0.357143	0.184000	0.170778	
447	0.281879	82	0.000000	471	0.053079	0.613548	447	0.281879	0.151000	0.170748	
431	0.296984	54	0.000000	515	0.013592	0.613548	431	0.296984	0.135000	0.170694	
438	0.315068	67	0.000000	495	0.040404	0.613548	438	0.315068	0.158000	0.170675	
468	0.367521	87	0.000000	445	0.112360	0.613548	468	0.367521	0.222000	0.170752	
478	0.313808	76	0.000000	446	0.024664	0.613548	478	0.313808	0.161000	0.170738	
454	0.332599	74	0.000000	472	0.033898	0.613548	454	0.332599	0.167000	0.170732	
449	0.360802	78	0.000000	473	0.093023	0.613548	449	0.360802	0.206000	0.170785	
462	0.339827	81	0.012346	457	0.039387	0.613548	462	0.339827	0.176000	0.170793	
349	0.343840	90	0.044444	561	0.028520	0.613548	349	0.343840	0.140000	0.170747	
517	0.323017	90	0.000000	393	0.053435	0.613548	517	0.323017	0.188000	0.170773	
503	0.377734	100	0.020000	397	0.057935	0.613548	503	0.377734	0.215000	0.170839	
506	0.339921	110	0.018182	384	0.088542	0.613548	506	0.339921	0.208000	0.170895	
490	0.375510	83	0.012048	427	0.074941	0.613548	490	0.375510	0.217000	0.170964	
433	0.309469	91	0.000000	476	0.065126	0.613548	433	0.309469	0.165000	0.170955	
480	0.354167	86	0.034884	434	0.018433	0.613548	480	0.354167	0.181000	0.170970	
506	0.337945	110	0.000000	384	0.054688	0.613548	506	0.337945	0.192000	0.171001	
511	0.332681	101	0.049505	388	0.041237	0.613548	511	0.332681	0.191000	0.171031	
553	0.372514	75	0.013333	372	0.043011	0.613548	553	0.372514	0.223000	0.171108	
539	0.365492	91	0.000000	370	0.059459	0.613548	539	0.365492	0.219000	0.171179	
520	0.342308	79	0.012658	401	0.042394	0.613548	520	0.342308	0.196000	0.171216	
462	0.409091	77	0.000000	461	0.058568	0.613548	462	0.409091	0.216000	0.171282	
432	0.106481	60	0.000000	508	0.068898	0.957345	432	0.106481	0.081000	0.171149	
485	0.228866	81	0.000000	434	0.064516	0.727376	485	0.228866	0.139000	0.171102	
471	0.297240	71	0.000000	458	0.122271	0.727376	471	0.297240	0.196000	0.171138	
480	0.222917	84	0.000000	436	0.050459	0.727376	480	0.222917	0.129000	0.171076	
441	0.235828	73	0.000000	486	0.041152	0.727376	441	0.235828	0.124000	0.171007	
486	0.277778	59	0.000000	455	0.032967	0.727376	486	0.277778	0.150000	0.170976	
425	0.244706	96	0.072917	479	0.039666	0.727376	425	0.244706	0.130000	0.170916	
551	0.290381	72	0.000000	377	0.023873	0.727376	551	0.290381	0.169000	0.170913	
476	0.292017	95	0.052632	429	0.072261	0.727376	476	0.292017	0.175000	0.170919	
468	0.273504	75	0.000000	457	0.045952	0.727376	468	0.273504	0.149000	0.170888	
447	0.286353	72	0.027778	481	0.022869	0.727376	447	0.286353	0.141000	0.170844	
463	0.278618	64	0.000000	473	0.071882	0.727376	463	0.278618	0.163000	0.170833	
431	0.250580	81	0.000000	488	0.073770	0.727376	431	0.250580	0.144000	0.170794	
457	0.218818	72	0.000000	471	0.108280	0.727376	457	0.218818	0.151000	0.170765	
437	0.265446	69	0.000000	494	0.062753	0.727376	437	0.265446	0.147000	0.170731	
478	0.253138	69	0.000000	453	0.066225	0.727376	478	0.253138	0.151000	0.170702	
467	0.271949	85	0.000000	448	0.064732	0.727376	467	0.271949	0.156000	0.170681	
464	0.275862	78	0.000000	458	0.037118	0.727376	464	0.275862	0.145000	0.170644	
431	0.245940	86	0.023256	483	0.037267	0.727376	431	0.245940	0.126000	0.170580	
471	0.239915	81	0.012346	448	0.046875	0.727376	471	0.239915	0.135000	0.170528	
517	0.280464	89	0.000000	394	0.065990	0.727376	517	0.280464	0.171000	0.170529	
470	0.261702	73	0.013699	457	0.056893	0.727376	470	0.261702	0.150000	0.170500	
457	0.275711	88	0.011364	455	0.107692	0.727376	457	0.275711	0.176000	0.170508	
493	0.294118	91	0.043956	416	0.040865	0.727376	493	0.294118	0.166000	0.170501	
527	0.282732	94	0.000000	379	0.050132	0.727376	527	0.282732	0.168000	0.170498	
504	0.303571	84	0.011905	412	0.024272	0.727376	504	0.303571	0.164000	0.170488	
433	0.237875	88	0.000000	479	0.041754	0.727376	433	0.237875	0.123000	0.170421	
474	0.236287	66	0.030303	460	0.041304	0.727376	474	0.236287	0.133000	0.170368	
438	0.223744	73	0.027397	489	0.059305	0.727376	438	0.223744	0.129000	0.170309	
459	0.261438	74	0.000000	467	0.066381	0.727376	459	0.261438	0.151000	0.170282	
465	0.260215	77	0.000000	458	0.091703	0.727376	465	0.260215	0.163000	0.170271	
464	0.260776	75	0.000000	461	0.058568	0.727376	464	0.260776	0.148000	0.170240	
444	0.256757	90	0.000000	466	0.064378	0.727376	444	0.256757	0.144000	0.170203	
421	0.244656	73	0.000000	506	0.025692	0.727376	421	0.244656	0.116000	0.170127	
448	0.267857	79	0.000000	473	0.048626	0.727376	448	0.267857	0.143000	0.170088	
447	0.201342	75	0.000000	478	0.048117	0.727376	447	0.201342	0.113000	0.170008	
425	0.251765	90	0.000000	485	0.049485	0.727376	425	0.251765	0.131000	0.169953	
437	0.231121	71	0.014085	492	0.042683	0.727376	437	0.231121	0.123000	0.169888	
437	0.267735	84	0.011905	479	0.052192	0.727376	437	0.267735	0.143000	0.169850	
446	0.282511	103	0.000000	451	0.057650	0.727376	446	0.282511	0.152000	0.169825	
436	0.270642	86	0.000000	478	0.029289	0.727376	436	0.270642	0.132000	0.169772	
176	0.284091	42	0.023810	782	0.048593	0.727376	176	0.284091	0.089000	0.169660	
385	0.238961	59	0.016949	556	0.057554	0.727376	385	0.238961	0.125000	0.169598	
429	0.247086	84	0.011905	487	0.043121	0.727376	429	0.247086	0.128000	0.169540	
409	0.268949	69	0.014493	522	0.065134	0.727376	409	0.268949	0.145000	0.169506	
388	0.293814	89	0.000000	523	0.042065	0.727376	388	0.293814	0.136000	0.169460	
441	0.215420	92	0.021739	467	0.032120	0.727376	441	0.215420	0.112000	0.169380	
456	0.232456	73	0.000000	471	0.053079	0.727376	456	0.232456	0.131000	0.169327	
477	0.238994	66	0.000000	457	0.063457	0.727376	477	0.238994	0.143000	0.169291	
471	0.220807	80	0.000000	449	0.071269	0.727376	471	0.220807	0.136000	0.169245	
459	0.239651	87	0.000000	454	0.030837	0.727376	459	0.239651	0.124000	0.169183	
429	0.265734	97	0.000000	474	0.065401	0.727376	429	0.265734	0.145000	0.169149	
442	0.219457	89	0.000000	469	0.063966	0.727376	442	0.219457	0.127000	0.169092	
460	0.302174	74	0.027027	466	0.027897	0.727376	460	0.302174	0.154000	0.169071	
431	0.271462	82	0.024390	487	0.045175	0.727376	431	0.271462	0.141000	0.169033	
461	0.223427	67	0.000000	472	0.055085	0.727376	461	0.223427	0.129000	0.168978	
499	0.280561	86	0.011628	415	0.098795	0.727376	499	0.280561	0.182000	0.168996	
515	0.283495	95	0.021053	390	0.020513	0.727376	515	0.283495	0.156000	0.168978	
480	0.214583	90	0.033333	430	0.041860	0.727376	480	0.214583	0.124000	0.168917	
483	0.287785	81	0.000000	436	0.084862	0.727376	483	0.287785	0.176000	0.168926	
433	0.242494	58	0.000000	509	0.064833	0.727376	433	0.242494	0.138000	0.168884	
470	0.248936	66	0.000000	464	0.051724	0.727376	470	0.248936	0.141000	0.168847	
454	0.233480	77	0.000000	469	0.044776	0.727376	454	0.233480	0.127000	0.168790	
421	0.235154	103	0.000000	476	0.065126	0.727376	421	0.235154	0.130000	0.168738	
388	0.260309	92	0.021739	520	0.042308	0.727376	388	0.260309	0.125000	0.168679	
483	0.281573	81	0.000000	436	0.034404	0.727376	483	0.281573	0.151000	0.168655	
465	0.230108	90	0.000000	445	0.074157	0.727376	465	0.230108	0.140000	0.168616	
457	0.238512	77	0.000000	466	0.096567	0.727376	457	0.238512	0.154000	0.168597	
457	0.273523	75	0.000000	468	0.032051	0.727376	457	0.273523	0.140000	0.168558	
458	0.277293	87	0.011494	455	0.026374	0.727376	458	0.277293	0.140000	0.168520	
461	0.251627	74	0.013514	465	0.036559	0.727376	461	0.251627	0.134000	0.168474	
342	0.266082	52	0.019231	606	0.052805	0.727376	342	0.266082	0.124000	0.168414	
107	0.252336	30	0.000000	863	0.037080	0.727376	107	0.252336	0.059000	0.168268	
74	0.189189	25	0.000000	901	0.052164	0.727376	74	0.189189	0.061000	0.168125	
66	0.439394	24	0.000000	910	0.056044	0.434336	66	0.439394	0.080000	0.168008	
64	0.281250	32	0.000000	904	0.066372	0.620607	64	0.281250	0.078000	0.167888	
74	0.270270	15	0.000000	911	0.039517	0.620607	74	0.270270	0.056000	0.167739	
93	0.301075	25	0.000000	882	0.070295	0.620607	93	0.301075	0.090000	0.167636	
185	0.389189	34	0.029412	781	0.060179	0.620607	185	0.389189	0.120000	0.167573	
247	0.340081	53	0.037736	700	0.048571	0.620607	247	0.340081	0.120000	0.167510	
433	0.314088	93	0.000000	474	0.067511	0.620607	433	0.314088	0.168000	0.167511	
449	0.298441	72	0.000000	479	0.054280	0.620607	449	0.298441	0.160000	0.167501	
469	0.313433	72	0.027778	459	0.056645	0.620607	469	0.313433	0.175000	0.167511	
483	0.306418	64	0.000000	453	0.048565	0.620607	483	0.306418	0.170000	0.167514	
413	0.365617	71	0.028169	516	0.042636	0.620607	413	0.365617	0.175000	0.167524	
409	0.369193	69	0.000000	522	0.051724	0.620607	409	0.369193	0.178000	0.167538	
373	0.313673	69	0.000000	558	0.066308	0.620607	373	0.313673	0.154000	0.167520	
397	0.317380	76	0.000000	527	0.066414	0.620607	397	0.317380	0.161000	0.167512	
381	0.341207	68	0.000000	551	0.043557	0.620607	381	0.341207	0.154000	0.167494	
395	0.306329	69	0.000000	536	0.063433	0.620607	395	0.306329	0.155000	0.167478	
419	0.319809	66	0.000000	515	0.071845	0.620607	419	0.319809	0.171000	0.167482	
397	0.302267	63	0.015873	540	0.053704	0.620607	397	0.302267	0.150000	0.167459	
380	0.378947	70	0.014286	550	0.041818	0.620607	380	0.378947	0.168000	0.167460	
390	0.302564	58	0.000000	552	0.057971	0.620607	390	0.302564	0.150000	0.167437	
378	0.357143	69	0.000000	553	0.047016	0.620607	378	0.357143	0.161000	0.167429	
414	0.301932	63	0.000000	523	0.045889	0.620607	414	0.301932	0.149000	0.167405	
369	0.284553	60	0.000000	571	0.031524	0.620607	369	0.284553	0.123000	0.167348	
378	0.330688	62	0.000000	560	0.046429	0.620607	378	0.330688	0.151000	0.167327	
342	0.371345	44	0.022727	614	0.068404	0.620607	342	0.371345	0.170000	0.167330	
95	0.294737	39	0.051282	866	0.057737	0.620607	95	0.294737	0.080000	0.167218	
110	0.272727	33	0.000000	857	0.063011	0.620607	110	0.272727	0.084000	0.167110	
95	0.326316	30	0.000000	875	0.056000	0.620607	95	0.326316	0.080000	0.166999	
79	0.303797	31	0.000000	890	0.026966	0.620607	79	0.303797	0.048000	0.166846	
306	0.333333	56	0.017857	638	0.053292	0.620607	306	0.333333	0.137000	0.166807	
328	0.353659	66	0.030303	606	0.070957	0.620607	328	0.353659	0.161000	0.166800	
335	0.349254	60	0.033333	605	0.044628	0.620607	335	0.349254	0.146000	0.166773	
413	0.300242	70	0.085714	517	0.048356	0.620607	413	0.300242	0.155000	0.166758	
364	0.288462	72	0.027778	564	0.069149	0.620607	364	0.288462	0.146000	0.166732	
392	0.285714	62	0.000000	546	0.084249	0.620607	392	0.285714	0.158000	0.166721	
394	0.329949	81	0.000000	525	0.041905	0.620607	394	0.329949	0.152000	0.166702	
400	0.300000	73	0.000000	527	0.041746	0.620607	400	0.300000	0.142000	0.166671	
377	0.286472	94	0.000000	529	0.034026	0.620607	377	0.286472	0.126000	0.166619	
405	0.298765	66	0.000000	529	0.032136	0.620607	405	0.298765	0.138000	0.166583	
408	0.316176	67	0.029851	525	0.038095	0.620607	408	0.316176	0.151000	0.166563	
456	0.293860	83	0.000000	461	0.056399	0.620607	456	0.293860	0.160000	0.166555	
403	0.315136	62	0.032258	535	0.020561	0.620607	403	0.315136	0.140000	0.166521	
441	0.315193	48	0.041667	511	0.048924	0.620607	441	0.315193	0.166000	0.166521	
470	0.321277	66	0.000000	464	0.056034	0.620607	470	0.321277	0.177000	0.166534	
481	0.347193	82	0.000000	437	0.048055	0.620607	481	0.347193	0.188000	0.166561	
445	0.312360	77	0.051948	478	0.083682	0.620607	445	0.312360	0.183000	0.166581	
454	0.383260	79	0.000000	467	0.021413	0.620607	454	0.383260	0.184000	0.166603	
453	0.333333	71	0.000000	476	0.060924	0.620607	453	0.333333	0.180000	0.166620	
424	0.280660	76	0.013158	500	0.084000	0.620607	424	0.280660	0.162000	0.166614	
354	0.350282	74	0.027027	572	0.045455	0.620607	354	0.350282	0.152000	0.166596	
380	0.342105	76	0.013158	544	0.073529	0.620607	380	0.342105	0.171000	0.166602	
446	0.322870	77	0.000000	477	0.037736	0.620607	446	0.322870	0.162000	0.166596	
443	0.336343	74	0.000000	483	0.099379	0.620607	443	0.336343	0.197000	0.166634	
443	0.311512	69	0.000000	488	0.053279	0.620607	443	0.311512	0.164000	0.166630	
452	0.336283	72	0.000000	476	0.035714	0.620607	452	0.336283	0.169000	0.166633	
513	0.350877	80	0.012500	407	0.022113	0.620607	513	0.350877	0.190000	0.166662	
501	0.335329	93	0.000000	406	0.059113	0.620607	501	0.335329	0.192000	0.166694	
499	0.382766	100	0.000000	401	0.027431	0.620607	499	0.382766	0.202000	0.166737	
494	0.309717	79	0.012658	427	0.037471	0.620607	494	0.309717	0.170000	0.166741	
439	0.309795	86	0.000000	475	0.069474	0.620607	439	0.309795	0.169000	0.166744	
466	0.298283	75	0.026667	459	0.054466	0.620607	466	0.298283	0.166000	0.166743	
307	0.293160	52	0.038462	641	0.063963	0.620607	307	0.293160	0.133000	0.166702	
424	0.304245	85	0.000000	491	0.089613	0.620607	424	0.304245	0.173000	0.166710	
492	0.260163	77	0.000000	431	0.051044	0.620607	492	0.260163	0.150000	0.166689	
455	0.325275	73	0.000000	472	0.076271	0.620607	455	0.325275	0.184000	0.166710	
451	0.350333	64	0.000000	485	0.076289	0.620607	451	0.350333	0.195000	0.166745	
460	0.310870	93	0.000000	447	0.044743	0.620607	460	0.310870	0.163000	0.166740	
419	0.355609	84	0.000000	497	0.042254	0.620607	419	0.355609	0.170000	0.166744	
444	0.317568	77	0.025974	479	0.054280	0.620607	444	0.317568	0.169000	0.166747	
460	0.347826	80	0.000000	460	0.082609	0.620607	460	0.347826	0.198000	0.166785	
454	0.341410	76	0.000000	470	0.076596	0.620607	454	0.341410	0.191000	0.166815	
442	0.296380	72	0.000000	486	0.051440	0.620607	442	0.296380	0.156000	0.166802	
433	0.341801	68	0.000000	499	0.052104	0.620607	433	0.341801	0.174000	0.166810	
487	0.340862	85	0.011765	428	0.060748	0.620607	487	0.340862	0.193000	0.166842	
453	0.256071	77	0.012987	470	0.057447	0.620607	453	0.256071	0.144000	0.166814	
314	0.264331	47	0.021277	639	0.071987	0.620607	314	0.264331	0.130000	0.166770	
446	0.295964	57	0.017544	497	0.044266	0.620607	446	0.295964	0.155000	0.166756	
463	0.319654	69	0.028986	468	0.040598	0.620607	463	0.319654	0.169000	0.166758	
461	0.308026	91	0.021978	448	0.093750	0.620607	461	0.308026	0.186000	0.166781	
439	0.316629	86	0.000000	475	0.071579	0.620607	439	0.316629	0.173000	0.166789	
435	0.273563	67	0.000000	498	0.052209	0.620607	435	0.273563	0.145000	0.166763	
450	0.328889	74	0.000000	476	0.073529	0.620607	450	0.328889	0.183000	0.166782	
475	0.317895	86	0.000000	439	0.173121	0.620607	475	0.317895	0.227000	0.166855	
454	0.281938	92	0.000000	454	0.044053	0.620607	454	0.281938	0.148000	0.166832	
474	0.295359	74	0.000000	452	0.039823	0.620607	474	0.295359	0.158000	0.166821	
464	0.316810	91	0.000000	445	0.053933	0.620607	464	0.316810	0.171000	0.166826	
433	0.311778	83	0.012048	484	0.047521	0.620607	433	0.311778	0.159000	0.166817	
467	0.338330	83	0.024096	450	0.048889	0.620607	467	0.338330	0.182000	0.166835	
509	0.359528	98	0.000000	393	0.027990	0.620607	509	0.359528	0.194000	0.166868	
451	0.383592	82	0.024390	467	0.057816	0.620607	451	0.383592	0.202000	0.166909	
436	0.385321	75	0.013333	489	0.063395	0.620607	436	0.385321	0.200000	0.166949	
223	0.336323	56	0.017857	721	0.055479	0.620607	223	0.336323	0.116000	0.166888	
177	0.384181	58	0.017241	765	0.070588	0.620607	177	0.384181	0.123000	0.166836	
378	0.328042	88	0.011364	534	0.050562	0.620607	378	0.328042	0.152000	0.166819	
455	0.338462	65	0.015385	480	0.064583	0.620607	455	0.338462	0.186000	0.166841	
451	0.301552	76	0.000000	473	0.044397	0.620607	451	0.301552	0.157000	0.166830	
418	0.334928	88	0.000000	494	0.070850	0.620607	418	0.334928	0.175000	0.166839	
327	0.348624	60	0.016667	613	0.052202	0.620607	327	0.348624	0.147000	0.166816	
407	0.334152	84	0.011905	509	0.041257	0.620607	407	0.334152	0.158000	0.166805	
462	0.320346	89	0.022472	449	0.073497	0.620607	462	0.320346	0.183000	0.166825	
451	0.319290	65	0.000000	484	0.047521	0.620607	451	0.319290	0.167000	0.166825	
422	0.305687	87	0.000000	491	0.044807	0.620607	422	0.305687	0.151000	0.166806	
456	0.370614	84	0.000000	460	0.082609	0.620607	456	0.370614	0.207000	0.166853	
459	0.331155	76	0.000000	465	0.040860	0.620607	459	0.331155	0.171000	0.166858	
453	0.333333	80	0.000000	467	0.038544	0.620607	453	0.333333	0.169000	0.166861	
444	0.319820	83	0.000000	473	0.065539	0.620607	444	0.319820	0.173000	0.166868	
267	0.303371	60	0.016667	673	0.044577	0.620607	267	0.303371	0.112000	0.166804	
239	0.334728	53	0.018868	708	0.053672	0.620607	239	0.334728	0.119000	0.166748	
464	0.325431	73	0.000000	463	0.051836	0.620607	464	0.325431	0.175000	0.166758	
457	0.332604	82	0.000000	461	0.047722	0.620607	457	0.332604	0.174000	0.166766	
434	0.315668	75	0.000000	491	0.048880	0.620607	434	0.315668	0.161000	0.166759	
442	0.319005	68	0.000000	490	0.040816	0.620607	442	0.319005	0.161000	0.166753	
448	0.328125	68	0.029412	484	0.033058	0.620607	448	0.328125	0.165000	0.166751	
415	0.332530	73	0.000000	512	0.058594	0.620607	415	0.332530	0.168000	0.166752	
478	0.324268	74	0.000000	448	0.060268	0.620607	478	0.324268	0.182000	0.166770	
419	0.319809	66	0.000000	515	0.058252	0.620607	419	0.319809	0.164000	0.166767	
455	0.298901	76	0.026316	469	0.059701	0.620607	455	0.298901	0.166000	0.166766	
469	0.315565	64	0.000000	467	0.059957	0.620607	469	0.315565	0.176000	0.166776	
438	0.319635	81	0.024691	481	0.045738	0.620607	438	0.319635	0.164000	0.166773	
455	0.327473	79	0.000000	466	0.034335	0.620607	455	0.327473	0.165000	0.166771	
495	0.325253	65	0.000000	440	0.040909	0.620607	495	0.325253	0.179000	0.166785	
438	0.308219	69	0.000000	493	0.085193	0.620607	438	0.308219	0.177000	0.166797	
457	0.304158	73	0.000000	470	0.063830	0.620607	457	0.304158	0.169000	0.166799	
208	0.302885	40	0.025000	752	0.058511	0.620607	208	0.302885	0.108000	0.166732	
90	0.333333	24	0.000000	886	0.075621	0.620607	90	0.333333	0.097000	0.166652	
67	0.388060	22	0.000000	911	0.063666	0.620607	67	0.388060	0.084000	0.166558	
145	0.282759	19	0.052632	836	0.053828	0.620607	145	0.282759	0.087000	0.166467	
462	0.324675	83	0.000000	455	0.035165	0.620607	462	0.324675	0.166000	0.166467	
433	0.309469	89	0.000000	478	0.096234	0.620607	433	0.309469	0.180000	0.166482	
421	0.270784	84	0.023810	495	0.076768	0.620607	421	0.270784	0.154000	0.166468	
422	0.308057	90	0.000000	488	0.047131	0.620607	422	0.308057	0.153000	0.166453	
450	0.311111	90	0.000000	460	0.095652	0.620607	450	0.311111	0.184000	0.166473	
448	0.328125	87	0.022989	465	0.053763	0.620607	448	0.328125	0.174000	0.166481	
442	0.359729	79	0.000000	479	0.048017	0.620607	442	0.359729	0.182000	0.166499	
449	0.309577	80	0.000000	471	0.059448	0.620607	449	0.309577	0.167000	0.166499	
442	0.319005	85	0.000000	473	0.048626	0.620607	442	0.319005	0.164000	0.166496	
364	0.362637	84	0.023810	552	0.052536	0.620607	364	0.362637	0.163000	0.166492	
438	0.269406	79	0.000000	483	0.055901	0.620607	438	0.269406	0.145000	0.166468	
456	0.350877	75	0.013333	469	0.042644	0.620607	456	0.350877	0.181000	0.166485	
447	0.315436	76	0.013158	477	0.048218	0.620607	447	0.315436	0.165000	0.166483	
445	0.346067	78	0.000000	477	0.052411	0.620607	445	0.346067	0.179000	0.166497	
457	0.341357	79	0.000000	464	0.043103	0.620607	457	0.341357	0.176000	0.166508	
507	0.291913	100	0.010000	393	0.038168	0.620607	507	0.291913	0.164000	0.166505	
523	0.332696	75	0.013333	402	0.039801	0.620607	523	0.332696	0.191000	0.166532	
453	0.322296	80	0.000000	467	0.019272	0.620607	453	0.322296	0.155000	0.166519	
463	0.336933	101	0.000000	436	0.068807	0.620607	463	0.336933	0.186000	0.166541	
451	0.310421	79	0.000000	470	0.074468	0.620607	451	0.310421	0.175000	0.166551	
428	0.357477	68	0.014706	504	0.075397	0.620607	428	0.357477	0.192000	0.166579	
243	0.279835	34	0.029412	723	0.063624	0.620607	243	0.279835	0.115000	0.166522	
459	0.311547	88	0.000000	453	0.037528	0.620607	459	0.311547	0.160000	0.166514	
452	0.342920	99	0.000000	449	0.071269	0.620607	452	0.342920	0.187000	0.166537	
459	0.335512	68	0.000000	473	0.021142	0.620607	459	0.335512	0.164000	0.166534	
420	0.330952	82	0.012195	498	0.066265	0.620607	420	0.330952	0.173000	0.166541	
84	0.202381	43	0.000000	873	0.079038	0.620607	84	0.202381	0.086000	0.166452	
450	0.337778	65	0.015385	485	0.101031	0.620607	450	0.337778	0.202000	0.166492	
463	0.304536	67	0.000000	470	0.027660	0.620607	463	0.304536	0.154000	0.166478	
373	0.300268	85	0.023529	542	0.049815	0.620607	373	0.300268	0.141000	0.166450	
457	0.339168	77	0.000000	466	0.064378	0.620607	457	0.339168	0.185000	0.166470	
453	0.315673	72	0.000000	475	0.063158	0.620607	453	0.315673	0.173000	0.166477	
469	0.317697	75	0.000000	456	0.076754	0.620607	469	0.317697	0.184000	0.166497	
482	0.300830	79	0.000000	439	0.029613	0.620607	482	0.300830	0.158000	0.166487	
434	0.320276	77	0.000000	489	0.079755	0.620607	434	0.320276	0.178000	0.166500	
446	0.338565	74	0.000000	480	0.079167	0.620607	446	0.338565	0.189000	0.166524	
485	0.282474	86	0.000000	429	0.046620	0.620607	485	0.282474	0.157000	0.166514	
472	0.338983	77	0.000000	451	0.044346	0.620607	472	0.338983	0.180000	0.166529	
302	0.284768	54	0.037037	644	0.077640	0.620607	302	0.284768	0.138000	0.166498	
448	0.381696	72	0.000000	480	0.045833	0.620607	448	0.381696	0.193000	0.166527	
474	0.293249	84	0.000000	442	0.040724	0.620607	474	0.293249	0.157000	0.166516	
463	0.321814	77	0.000000	460	0.054348	0.620607	463	0.321814	0.174000	0.166524	
465	0.339785	79	0.000000	456	0.107456	0.620607	465	0.339785	0.207000	0.166568	
467	0.316916	98	0.010204	435	0.052874	0.620607	467	0.316916	0.172000	0.166574	
530	0.381132	88	0.022727	382	0.049738	0.620607	530	0.381132	0.223000	0.166635	
505	0.372277	103	0.019417	392	0.063776	0.620607	505	0.372277	0.215000	0.166688	
527	0.356736	112	0.017857	361	0.055402	0.620607	527	0.356736	0.210000	0.166735	
529	0.387524	98	0.000000	373	0.034853	0.620607	529	0.387524	0.218000	0.166790	
486	0.358025	98	0.000000	416	0.074519	0.620607	486	0.358025	0.205000	0.166831	
517	0.334623	112	0.000000	371	0.080863	0.620607	517	0.334623	0.203000	0.166870	
540	0.320370	101	0.000000	359	0.108635	0.620607	540	0.320370	0.212000	0.166919	
546	0.395604	100	0.000000	354	0.070621	0.620607	546	0.395604	0.241000	0.166999	
507	0.343195	94	0.000000	399	0.100251	0.620607	507	0.343195	0.214000	0.167049	
498	0.329317	98	0.010204	404	0.029703	0.620607	498	0.329317	0.177000	0.167060	
458	0.397380	66	0.000000	476	0.031513	0.620607	458	0.397380	0.197000	0.167092	
441	0.335601	73	0.027397	486	0.076132	0.620607	441	0.335601	0.187000	0.167113	
446	0.282511	64	0.000000	490	0.042857	0.620607	446	0.282511	0.147000	0.167092	
483	0.347826	71	0.000000	446	0.042601	0.620607	483	0.347826	0.187000	0.167113	
428	0.315421	77	0.025974	495	0.040404	0.620607	428	0.315421	0.157000	0.167102	
447	0.402685	93	0.021505	460	0.076087	0.620607	447	0.402685	0.217000	0.167156	
446	0.112108	57	0.000000	497	0.088531	1.086779	446	0.112108	0.094000	0.167078	
431	0.245940	83	0.000000	486	0.063786	0.836868	431	0.245940	0.137000	0.167046	
476	0.161765	69	0.000000	455	0.048352	0.836868	476	0.161765	0.099000	0.166973	
449	0.360802	90	0.000000	461	0.123644	0.555499	449	0.360802	0.219000	0.167029	
453	0.406181	60	0.000000	487	0.059548	0.555499	453	0.406181	0.213000	0.167077	
473	0.175476	68	0.000000	459	0.045752	0.953507	473	0.175476	0.104000	0.167010	
474	0.419831	76	0.000000	450	0.042222	0.516995	474	0.419831	0.218000	0.167064	
447	0.201342	82	0.000000	471	0.061571	0.847932	447	0.201342	0.119000	0.167014	
420	0.204762	93	0.010753	487	0.047228	0.847932	420	0.204762	0.110000	0.166953	
441	0.208617	78	0.012821	481	0.064449	0.847932	441	0.208617	0.124000	0.166908	
457	0.247265	69	0.028986	474	0.056962	0.847932	457	0.247265	0.142000	0.166882	
453	0.225166	90	0.000000	457	0.045952	0.847932	453	0.225166	0.123000	0.166835	
457	0.212254	57	0.000000	486	0.069959	0.847932	457	0.212254	0.131000	0.166798	
164	0.121951	18	0.055556	818	0.030562	0.847932	164	0.121951	0.046000	0.166671	
150	0.273333	23	0.000000	827	0.084643	0.591001	150	0.273333	0.111000	0.166612	
246	0.300813	48	0.062500	706	0.087819	0.591001	246	0.300813	0.139000	0.166583	
468	0.361111	67	0.000000	465	0.030108	0.591001	468	0.361111	0.183000	0.166600	
465	0.352688	83	0.000000	452	0.028761	0.591001	465	0.352688	0.177000	0.166611	
465	0.316129	84	0.000000	451	0.084257	0.591001	465	0.316129	0.185000	0.166631	
452	0.356195	81	0.012346	467	0.038544	0.591001	452	0.356195	0.180000	0.166645	
455	0.373626	62	0.016129	483	0.039337	0.591001	455	0.373626	0.190000	0.166669	
446	0.343049	82	0.000000	472	0.050847	0.591001	446	0.343049	0.177000	0.166680	
480	0.356250	80	0.000000	440	0.047727	0.591001	480	0.356250	0.192000	0.166706	
494	0.340081	59	0.000000	447	0.044743	0.591001	494	0.340081	0.188000	0.166728	
465	0.363441	68	0.000000	467	0.053533	0.591001	465	0.363441	0.194000	0.166757	
454	0.328194	80	0.000000	466	0.053648	0.591001	454	0.328194	0.174000	0.166764	
445	0.307865	71	0.000000	484	0.033058	0.591001	445	0.307865	0.153000	0.166750	
443	0.352144	94	0.021277	463	0.019438	0.591001	443	0.352144	0.167000	0.166750	
438	0.383562	80	0.000000	482	0.033195	0.591001	438	0.383562	0.184000	0.166768	
456	0.328947	60	0.000000	484	0.047521	0.591001	456	0.328947	0.173000	0.166774	
447	0.371365	71	0.000000	482	0.012448	0.591001	447	0.371365	0.172000	0.166780	
448	0.339286	83	0.000000	469	0.034115	0.591001	448	0.339286	0.168000	0.166781	
444	0.358108	86	0.000000	470	0.040426	0.591001	444	0.358108	0.178000	0.166793	
460	0.315217	113	0.044248	427	0.018735	0.591001	460	0.315217	0.158000	0.166784	
408	0.328431	59	0.033898	533	0.022514	0.591001	408	0.328431	0.148000	0.166764	
544	0.402574	93	0.000000	363	0.079890	0.591001	544	0.402574	0.248000	0.166848	
478	0.085774	114	0.017544	408	0.039216	1.134115	478	0.085774	0.059000	0.166737	
495	0.183838	96	0.020833	409	0.041565	0.927936	495	0.183838	0.110000	0.166679	
440	0.265909	70	0.014286	490	0.104082	0.697188	440	0.265909	0.169000	0.166681	
403	0.285360	94	0.042553	503	0.051690	0.697188	403	0.285360	0.145000	0.166659	
466	0.255365	72	0.000000	462	0.051948	0.697188	466	0.255365	0.143000	0.166635	
462	0.283550	80	0.000000	458	0.039301	0.697188	462	0.283550	0.149000	0.166617	
456	0.276316	69	0.000000	475	0.069474	0.697188	456	0.276316	0.159000	0.166609	
431	0.276102	67	0.000000	502	0.023904	0.697188	431	0.276102	0.131000	0.166573	
468	0.254274	63	0.000000	469	0.078891	0.697188	468	0.254274	0.156000	0.166562	
477	0.278826	92	0.000000	431	0.076566	0.697188	477	0.278826	0.166000	0.166561	
445	0.242697	72	0.000000	483	0.045549	0.697188	445	0.242697	0.130000	0.166524	
439	0.282460	79	0.025316	482	0.053942	0.697188	439	0.282460	0.152000	0.166509	
463	0.257019	66	0.000000	471	0.031847	0.697188	463	0.257019	0.134000	0.166477	
447	0.272931	98	0.000000	455	0.024176	0.697188	447	0.272931	0.133000	0.166443	
444	0.270270	67	0.000000	489	0.083845	0.697188	444	0.270270	0.161000	0.166437	
424	0.268868	79	0.025316	497	0.042254	0.697188	424	0.268868	0.137000	0.166407	
428	0.242991	85	0.000000	487	0.041068	0.697188	428	0.242991	0.124000	0.166364	
460	0.293478	85	0.000000	455	0.035165	0.697188	460	0.293478	0.151000	0.166349	
445	0.231461	81	0.000000	474	0.027426	0.697188	445	0.231461	0.116000	0.166298	
444	0.243243	83	0.000000	473	0.050740	0.697188	444	0.243243	0.132000	0.166264	
439	0.261959	70	0.014286	491	0.063136	0.697188	439	0.261959	0.147000	0.166244	
127	0.220472	80	0.025000	793	0.066835	0.697188	127	0.220472	0.083000	0.166161	
137	0.204380	31	0.000000	832	0.048077	0.697188	137	0.204380	0.068000	0.166062	
211	0.246445	34	0.029412	755	0.046358	0.697188	211	0.246445	0.088000	0.165984	
439	0.243736	89	0.000000	472	0.072034	0.697188	439	0.243736	0.141000	0.165959	
425	0.320000	74	0.000000	501	0.039920	0.697188	425	0.320000	0.156000	0.165949	
460	0.254348	71	0.000000	469	0.083156	0.697188	460	0.254348	0.156000	0.165939	
