-760.676348
-760.676348
-759.671412
-770.326625
-757.710619
-758.998764
-765.732157
-766.050145
-764.778608
-762.683643
-758.715978
-758.857119
-758.235590
-758.163331
-760.507395
-767.095997
-767.140846
-757.499955
-759.633653
-757.025965
-744.988579
-744.160698
-743.336649
-749.880819
-747.559503
-744.927705
-745.148412
-742.022464
-742.800965
-743.130953
-742.747256
-743.429465
-743.007805
-743.169751
-745.640273
-747.906750
-745.434215
-737.412440
-728.035252
-722.664667
-669.350871
-659.504923
-661.280133
-657.134609
-641.217613
-642.923124
-642.421514
-642.125979
-642.444984
-638.089102
-648.635301
-643.875146
-633.411401
-624.312090
-625.379649
-626.597678
-627.491571
-627.058225
-627.034383
-624.825715
-623.957261
-623.369822
-627.699655
-624.023851
-623.081302
-627.149487
-624.899209
-627.966422
-626.476609
-625.825832
-630.534480
-625.082103
-623.537884
-624.677875
-623.172823
-623.756145
-624.710039
-625.242470
-627.234373
-625.532167
-626.548382
-624.457227
-626.422137
-623.623198
-623.377174
-623.114260
-623.691255
-626.682380
-626.628777
-629.435088
-631.707431
-630.924265
-626.773713
-629.314999
-629.204704
-631.892181
-632.944727
-622.959654
-623.818084
-624.727425
-624.298005
-622.373385
-629.519893
-627.943224
-631.575075
-634.824447
-631.184437
-624.476454
-625.626325
-628.423667
-628.101230
-629.303167
-624.849007
-627.299493
-625.551166
-623.751167
-629.034535
-626.321523
-624.158710
-625.578441
-632.766766
-623.079600
-624.615983
-629.535445
-625.585148
-630.049815
-631.364114
-632.027167
-623.926678
-623.561645
-622.620949
-625.395569
-624.529993
-625.014153
-623.541292
-623.041058
-625.881085
-623.922198
-625.406073
-629.507129
-628.913405
-624.039176
-625.502268
-623.250452
-622.830157
-623.228679
-624.891266
-625.287591
-623.881672
-624.333370
-624.993637
-630.921168
-625.279396
-626.100279
-623.722087
-629.296207
-623.807381
-624.733350
-624.831464
-625.757062
-623.808870
-624.864867
-624.389313
-626.875253
-624.732861
-626.129261
-629.406096
-628.826075
-626.684658
-626.220862
-625.439196
-629.655314
-632.020369
-628.835194
-631.899439
-629.322081
-629.159523
-626.679935
-626.427437
-625.173611
-626.152480
-626.150133
-627.004495
-627.506570
-625.988201
-627.837004
-625.705696
-627.989933
-629.179310
-627.807518
-626.585403
-626.110306
-627.102536
-626.878032
-627.175559
-628.524274
-628.048621
-627.591892
-628.378593
-631.390640
-631.561581
-633.697037
-630.335543
-630.702187
-632.436174
-631.026550
-631.241560
-630.346132
-630.536576
-632.636359
-626.715746
-628.573369
-627.684448
-630.840867
-631.179884
-627.174679
-629.890810
-625.745039
-623.886118
-625.017325
-625.167417
-626.285685
-624.185878
-624.066873
-624.802607
-624.602374
-624.332545
-626.911937
-630.074823
-632.310334
-630.609699
-629.957040
-626.738724
-627.917230
-627.087785
-627.214995
-626.577664
-627.503065
-628.055872
-625.247310
-628.130052
-626.582304
-629.577385
-627.025939
-628.313869
-627.049717
-626.966276
-624.032212
-625.013627
-625.000704
-624.971650
-625.643149
-625.451808
-624.511225
-625.446976
-625.524597
-626.133516
-626.932925
-624.379526
-628.434109
-625.737136
-622.839284
-624.478615
-624.391913
-625.426421
-625.222884
-623.614175
-625.498647
-624.922877
-624.026848
-622.656065
-621.639312
-624.668413
-623.329162
-626.975279
-623.054594
-626.876093
-626.432187
-629.456792
-630.001442
-628.893511
-631.785371
-629.433185
-627.107794
-628.983055
-629.257234
-626.954251
-626.695643
-626.109748
-627.801266
-628.857170
-625.815208
-626.106360
-625.487461
-628.072819
-626.729558
-627.243322
-627.283125
-627.452485
-635.918327
-633.500328
-633.809396
-630.839698
-630.905714
-630.817842
-631.431418
-625.419721
-625.227413
-624.926548
-624.281420
-625.187182
-626.229747
-622.835177
-622.160825
-624.696465
-625.077769
-623.737565
-622.751895
-623.390686
-622.754691
-622.662146
-623.616793
-623.357204
-624.053285
-625.050963
-626.054129
-623.655691
-623.578664
-621.292377
-623.260553
-625.273220
-622.123856
-630.864919
-627.942136
-628.327816
-627.279730
-630.125539
-626.175420
-623.901128
-621.909881
-623.595206
-623.479323
-622.200291
-623.129940
-624.115213
-624.062650
-624.909922
-627.791311
-621.581646
-621.409858
-619.956435
-624.136561
-618.411828
-622.780316
-625.034841
-623.401324
-625.031127
-624.267157
-622.901365
-626.625385
-629.583358
-632.093860
-630.960430
-629.688293
-629.034349
-628.457737
-630.296272
-632.419093
-631.498236
-631.297305
-629.070336
-628.100739
-628.383281
-625.343741
-625.270707
-624.695207
-624.669400
-632.363571
-625.735524
-626.430516
-628.470632
-627.760402
-627.251306
-626.979644
-628.414898
-624.857179
-625.826903
-626.125437
-626.473408
-626.111516
-625.184969
-627.644563
-630.477810
-628.815108
-626.781726
-628.970876
-626.495218
-630.647444
-629.205521
-626.710162
-628.224838
-627.099528
-628.772515
-628.356980
-626.351064
-628.386422
-628.627630
-628.135153
-628.854453
-628.717281
-629.631751
-629.424835
-628.317950
-629.347315
-629.772008
-627.445968
-627.475328
-626.311508
-625.572241
-626.960006
-627.862020
-628.130589
-629.713353
-629.905762
-641.431892
-636.125097
-637.380418
-635.139057
-634.219519
-635.659611
-628.725589
-627.433003
-624.261438
-624.530740
-622.774935
-623.815576
-623.443266
-626.954942
-625.213709
-624.120792
-624.465364
-622.762150
-622.819737
-624.281657
-624.551603
-624.416367
-625.191409
-626.153249
-632.611567
-631.131483
-628.819283
-627.788246
-627.019420
-626.454501
-626.297118
-633.283487
-632.352672
-638.319670
-635.032779
-633.601993
-636.066210
-632.056699
-636.787797
-637.038287
-626.308908
-625.883047
-626.332627
-628.939261
-628.235370
-624.341553
-625.850905
-625.040313
-625.613057
-627.187324
-624.603971
-625.157791
-628.954676
-627.860738
-627.889234
-626.607958
-626.296202
-625.050390
-624.916378
-625.578760
-625.363925
-625.349235
-625.220561
-625.586098
-626.051108
-623.118861
-623.001046
-623.635700
-625.635535
-622.982960
-623.096671
-626.507235
-625.386157
-627.017654
-626.856181
-627.787696
-628.556067
-631.326854
-630.079225
-626.996219
-625.891669
-622.771994
-624.682994
-627.681054
-623.141239
-624.258724
-625.216863
-623.903346
-624.380915
-622.584421
-623.036900
-624.432481
-624.517273
-623.377366
-623.364593
-622.671985
-629.674495
-627.191622
-625.400976
-629.047530
-628.003909
-626.827582
-626.019079
-627.722002
-627.244895
-627.929903
-628.760426
-628.760795
-626.516434
-630.309508
-622.934207
-621.159222
-621.121351
-623.412627
-620.899128
-621.677854
-623.177720
-624.335587
-622.110282
-623.902241
-624.015406
-629.992482
-624.150575
-627.532954
-628.941440
-627.737163
-628.227857
-623.521708
-622.016810
-623.511186
-623.257314
-628.361119
-626.703172
-627.353425
-624.215061
-623.877227
-624.673799
-624.317847
-626.766275
-626.074424
-625.527483
-623.974034
-621.574510
-624.310156
-624.080531
-627.555751
-625.262833
-626.437447
-626.427297
-624.562896
-624.851876
-623.644730
-623.110448
-624.116049
-626.710480
-623.587184
-625.698424
-630.052233
-628.140390
-623.680138
-622.738906
-625.280267
-626.680291
-626.461627
-624.775930
-625.974038
-622.759541
-626.176814
-625.074770
-623.488547
-625.605761
-623.909239
-627.194192
-627.262292
-627.713342
-626.729034
-627.423955
-622.623876
-624.195519
-623.946126
-624.092088
-624.129357
-624.302455
-624.116654
-621.829216
-621.929822
-623.848867
-623.534614
-624.917426
-627.790610
-623.630928
-622.867343
-623.351880
-624.044047
-625.185415
-625.142462
-630.402529
-634.096795
-630.057903
-630.823308
-630.137606
-631.743348
-630.754950
-629.605404
-630.367395
-632.092200
-631.028442
-630.254985
-632.435286
-630.972644
-630.774028
-636.219715
-632.387347
-630.550838
-629.614945
-628.182870
-629.458029
-628.527293
-630.194981
-629.284756
-628.923500
-629.740558
-629.078464
-629.725545
-627.205954
-629.412834
-627.160889
-628.949820
-628.099754
-626.486619
-629.122569
-624.995460
-630.924842
-625.617289
-624.413863
-625.504719
-623.414770
-623.251618
-623.047075
-626.267382
-624.049459
-621.282308
-623.864353
-621.889200
-624.001176
-625.119197
-625.425941
-624.497042
-625.196040
-627.255110
-623.354251
-625.296644
-627.630491
-626.685140
-626.125398
-626.147366
-626.479278
-625.031414
-625.520394
-624.535005
-623.464491
-622.993866
-626.150357
-626.514257
-626.172827
-626.357488
-626.742124
-624.301768
-622.466131
-623.268851
-624.508081
-625.051645
-624.545690
-625.681232
-622.981597
-624.143881
-622.856592
-621.675275
-626.046822
-624.961575
-622.105643
-630.480294
-624.964169
-622.666621
-623.114178
-625.191467
-626.285410
-624.072045
-622.061784
-624.090137
-621.972911
-622.379647
-623.225110
-622.779894
-622.745266
-624.986835
-622.911934
-623.090325
-623.546722
-625.622383
-624.703226
-626.080146
-622.873275
-624.562969
-626.252258
-623.095727
-623.067603
-622.980472
-625.131820
-622.987380
-625.503677
-623.361964
-623.421913
-623.471551
-623.819055
-623.868422
-623.645328
-623.241992
-627.481919
-625.021185
-631.936340
-628.402524
-627.188510
-627.187888
-627.355697
-624.211567
-627.112861
-624.984430
-625.067819
-624.227831
-626.160460
-629.530579
-626.302162
-629.713339
-626.566804
-626.716085
-629.005002
-628.884568
-630.732358
-626.954648
-627.199304
-625.324087
-630.207695
-628.358928
-629.553814
-630.805094
-628.813256
-625.837259
-625.670507
-625.864853
-628.144208
-626.557764
-626.631307
-626.821060
-627.922988
-628.255766
-621.705528
-624.448963
-622.159352
-626.132601
-627.049357
-624.360236
-624.342730
-623.013873
-622.813171
-622.518851
-628.168841
-625.023500
-625.499835
-623.324036
-621.837820
-623.391383
-621.195670
-621.986404
-621.595815
-625.907232
-623.638351
-621.022668
-626.740381
-622.194247
-624.616352
-623.168143
-621.765109
-621.309323
-620.848344
-621.126502
-623.438236
-622.744335
-623.049826
-624.856182
-623.277278
-625.348516
-624.632842
-623.612969
-626.873776
-626.877060
-628.123138
-629.397171
-627.182151
-627.940822
-627.707386
-628.112714
-628.506692
-627.659940
-629.552362
-624.683629
-625.464649
-622.060405
-624.054662
-621.676867
-623.202191
-623.200076
-623.527113
-626.684573
-624.541045
-623.661263
-627.239594
-624.000774
-625.529839
-629.116249
-626.187827
-627.747867
-623.504885
-623.858412
-622.997499
-621.845830
-621.109835
-623.359556
-626.758855
-625.180024
-624.784817
-623.365000
-623.583317
-624.553617
-623.259694
-625.701394
-624.378526
-624.829738
-625.035156
-625.504754
-626.160122
-626.262960
-626.499869
-628.110995
-628.900244
-624.185209
-623.066797
-624.629202
-624.665855
-622.702648
-627.649818
-625.698766
-624.516022
-625.016254
-622.201118
-622.318928
-627.296509
-625.161662
-624.131897
-624.604968
-623.369391
-622.993054
-624.458965
-625.266187
-625.751185
-626.000182
-627.107206
-626.924325
-625.536051
-626.310116
-624.871299
-625.349057
-633.289619
-625.156050
-625.731800
-624.374717
-627.633785
-625.398384
-626.480374
-622.851900
-625.521865
-625.683234
-623.585728
-623.811215
-624.186624
-626.798426
-629.742233
-625.210860
-626.405516
-625.721324
-627.194407
-624.894587
-624.783932
-625.133676
-622.936418
-622.606259
-623.607887
-622.132678
-622.443776
-626.325703
-622.581551
-622.662418
-624.631655
-624.498235
-624.667813
-623.867341
-621.951626
-621.238031
-622.283444
-622.459958
-622.716547
-623.174368
-626.224155
-622.855099
-624.288326
-624.187329
-625.660410
-625.157831
-625.590898
-626.223113
-625.835768
-623.649376
-624.646639
-626.585666
-623.243062
-625.833387
-623.368039
-621.766799
-623.277105
-628.126857
-623.647257
-622.400929
-625.958564
-624.639285
-627.911382
-627.225307
-625.581531
-625.098438
-625.679162
-624.044378
-622.728052
-624.343630
-622.611160
-622.916186
-623.971128
-625.838339
-627.368453
-625.177475
-624.458704
-622.941892
-624.804190
-628.067534
-623.104461
-626.668619
-625.784822
-626.447658
-626.037314
-624.464950
-630.804868
-628.544393
-627.008661
-628.032514
-625.689449
-625.503684
-626.892284
-628.146916
