Rate	71.43
Rev Jump	14.29
Prior Change	14.29
Rate Tried	% Accepted	Rev Jump Tried	% Accepted	Prior Change Tried	% Accepted	Rates - Dev	Rates - Tried	Rates - Accepted	Sample Ave Acceptance	Total Ave Acceptance	
43	0.558140	4	0.500000	953	0.045121	0.405699	43	0.558140	0.069000	0.120353	
62	0.225806	6	0.166667	932	0.033262	0.609270	62	0.225806	0.046000	0.114157	
58	0.431034	5	0.000000	937	0.061900	0.609270	58	0.431034	0.083000	0.111761	
49	0.061224	33	0.000000	918	0.055556	1.075690	49	0.061224	0.054000	0.107635	
96	0.302083	19	0.052632	885	0.072316	0.619292	96	0.302083	0.094000	0.106726	
103	0.233010	11	0.000000	886	0.040632	0.619292	103	0.233010	0.060000	0.103806	
120	0.250000	29	0.000000	851	0.105758	0.619292	120	0.250000	0.120000	0.104759	
100	0.260000	11	0.000000	889	0.077615	0.619292	100	0.260000	0.095000	0.104216	
117	0.222222	11	0.000000	872	0.082569	0.619292	117	0.222222	0.098000	0.103889	
114	0.315789	11	0.000000	875	0.086857	0.619292	114	0.315789	0.112000	0.104295	
120	0.200000	11	0.000000	869	0.064442	0.619292	120	0.200000	0.080000	0.103138	
91	0.285714	9	0.111111	900	0.040000	0.619292	91	0.285714	0.063000	0.101314	
101	0.356436	16	0.062500	883	0.046433	0.619292	101	0.356436	0.078000	0.100300	
127	0.393701	14	0.142857	859	0.046566	0.619292	127	0.393701	0.092000	0.099954	
162	0.240741	19	0.052632	819	0.128205	0.619292	162	0.240741	0.145000	0.101756	
176	0.357955	25	0.040000	799	0.097622	0.619292	176	0.357955	0.142000	0.103304	
144	0.333333	27	0.037037	829	0.131484	0.619292	144	0.333333	0.158000	0.105329	
165	0.357576	22	0.000000	813	0.110701	0.619292	165	0.357576	0.149000	0.106889	
167	0.323353	31	0.000000	802	0.089776	0.619292	167	0.323353	0.126000	0.107548	
137	0.423358	17	0.000000	846	0.095745	0.619292	137	0.423358	0.139000	0.108596	
157	0.350318	34	0.000000	809	0.117429	0.625853	157	0.350318	0.150000	0.109932	
188	0.308511	16	0.000000	796	0.123116	0.625853	188	0.308511	0.156000	0.111372	
189	0.291005	36	0.000000	775	0.172903	0.625853	189	0.291005	0.189000	0.113724	
139	0.309353	30	0.000000	831	0.104693	0.625853	139	0.309353	0.130000	0.114203	
188	0.324468	19	0.000000	793	0.112232	0.625853	188	0.324468	0.150000	0.115225	
168	0.351190	36	0.055556	796	0.136935	0.625853	168	0.351190	0.170000	0.116747	
148	0.256757	37	0.000000	815	0.114110	0.625853	148	0.256757	0.131000	0.117132	
90	0.255556	29	0.034483	881	0.143019	0.625853	90	0.255556	0.150000	0.117997	
64	0.296875	14	0.000000	922	0.120390	0.625853	64	0.296875	0.130000	0.118305	
109	0.229358	19	0.157895	872	0.051606	0.625853	109	0.229358	0.073000	0.117172	
121	0.214876	13	0.000000	866	0.050808	0.625853	121	0.214876	0.070000	0.116022	
96	0.312500	8	0.000000	896	0.049107	0.625853	96	0.312500	0.074000	0.115021	
95	0.368421	11	0.000000	894	0.048098	0.625853	95	0.368421	0.078000	0.114160	
115	0.252174	10	0.000000	875	0.050286	0.625853	115	0.252174	0.073000	0.113225	
98	0.244898	35	0.000000	867	0.046136	0.625853	98	0.244898	0.064000	0.112131	
153	0.294118	26	0.000000	821	0.066991	0.625853	153	0.294118	0.100000	0.111867	
117	0.273504	12	0.000000	871	0.040184	0.625853	117	0.273504	0.067000	0.110913	
103	0.291262	18	0.000000	879	0.053470	0.625853	103	0.291262	0.077000	0.110206	
111	0.297297	19	0.000000	870	0.050575	0.625853	111	0.297297	0.077000	0.109528	
38	0.394737	12	0.083333	950	0.054737	0.625853	38	0.394737	0.068000	0.108698	
15	0.200000	10	0.000000	975	0.063590	0.625853	15	0.200000	0.065000	0.107841	
20	0.400000	15	0.000000	965	0.048705	0.625853	20	0.400000	0.055000	0.106825	
13	0.461538	3	0.000000	984	0.044715	0.625853	13	0.461538	0.050000	0.105753	
18	0.000000	1	0.000000	981	0.056065	1.245504	18	0.000000	0.055000	0.104813	
15	0.133333	0.0	0	985	0.039594	0.790750	15	0.133333	0.041000	0.103653	
17	0.352941	1	0.000000	982	0.039715	0.414932	17	0.352941	0.045000	0.102605	
9	0.000000	2	0.000000	989	0.061678	0.414932	9	0.000000	0.061000	0.101875	
13	0.538462	15	0.000000	972	0.054527	0.414932	22	0.318182	0.060000	0.101153	
13	0.538462	1	0.000000	986	0.045639	0.414932	13	0.538462	0.052000	0.100320	
10	0.300000	3	0.000000	987	0.049645	0.768531	10	0.300000	0.052000	0.099515	
3	0.666667	23	0.000000	974	0.046201	0.768531	3	0.666667	0.047000	0.098654	
12	0.166667	11	0.000000	977	0.037871	0.768531	15	0.266667	0.039000	0.097692	
10	0.100000	18	0.000000	972	0.053498	0.768531	10	0.100000	0.053000	0.096983	
15	0.266667	15	0.000000	970	0.047423	0.413885	15	0.266667	0.050000	0.096248	
23	0.521739	1	0.000000	976	0.067623	0.413885	23	0.521739	0.078000	0.095968	
19	0.210526	11	0.000000	970	0.040206	0.808754	19	0.210526	0.043000	0.095165	
26	0.115385	20	0.000000	954	0.059748	0.808754	26	0.115385	0.060000	0.094640	
40	0.325000	1	0.000000	959	0.075078	0.570254	40	0.325000	0.085000	0.094499	
16	0.125000	0.0	0	984	0.042683	0.570254	16	0.125000	0.044000	0.093767	
19	0.631579	1	0.000000	980	0.061224	0.287220	19	0.631579	0.072000	0.093456	
11	0.363636	2	0.000000	987	0.063830	0.392379	11	0.363636	0.067000	0.093083	
26	0.576923	8	0.000000	966	0.053830	0.392379	26	0.576923	0.067000	0.092721	
39	0.205128	14	0.000000	947	0.055966	0.499785	39	0.205128	0.061000	0.092286	
19	0.421053	0.0	0	981	0.054027	0.499785	19	0.421053	0.061000	0.091864	
8	0.000000	0.0	0	992	0.036290	0.901621	8	0.000000	0.036000	0.091119	
15	0.066667	0.0	0	985	0.032487	0.901621	23	0.043478	0.033000	0.090354	
13	0.076923	0.0	0	987	0.047619	0.813878	13	0.076923	0.048000	0.089804	
17	0.235294	2	0.000000	981	0.051988	0.746631	17	0.235294	0.055000	0.089358	
12	0.166667	3	0.000000	985	0.051777	0.746631	12	0.166667	0.053000	0.088898	
15	0.266667	2	0.000000	983	0.056968	0.605466	15	0.266667	0.060000	0.088536	
19	0.421053	1	0.000000	980	0.032653	0.605466	19	0.421053	0.040000	0.087937	
23	0.173913	4	0.000000	973	0.067831	0.634940	23	0.173913	0.070000	0.087718	
17	0.294118	1	0.000000	982	0.068228	0.632790	17	0.294118	0.072000	0.087529	
18	0.166667	0.0	0	982	0.060081	0.632790	18	0.166667	0.062000	0.087225	
19	0.105263	0.0	0	981	0.057085	0.620617	19	0.105263	0.058000	0.086881	
25	0.360000	2	0.000000	973	0.061665	0.466497	25	0.360000	0.069000	0.086673	
20	0.400000	7	0.000000	973	0.066804	0.466497	20	0.400000	0.073000	0.086516	
14	0.357143	20	0.000000	966	0.052795	0.466497	14	0.357143	0.056000	0.086169	
11	0.363636	0.0	0	989	0.051567	0.466497	11	0.363636	0.055000	0.085819	
12	0.666667	2	0.000000	986	0.064909	0.466497	12	0.666667	0.072000	0.085666	
14	0.285714	2	0.000000	984	0.044715	0.703261	14	0.285714	0.048000	0.085252	
40	0.125000	6	0.000000	954	0.077568	0.703261	40	0.125000	0.079000	0.085184	
52	0.230769	23	0.000000	925	0.062703	0.529463	52	0.230769	0.070000	0.085021	
23	0.695652	9	0.000000	968	0.038223	0.529463	23	0.695652	0.053000	0.084680	
14	0.214286	1	0.000000	985	0.039594	0.602796	14	0.214286	0.042000	0.084231	
19	0.210526	1	0.000000	980	0.030612	0.602796	19	0.210526	0.034000	0.083707	
16	0.312500	1	0.000000	983	0.050865	0.602796	16	0.312500	0.055000	0.083412	
28	0.250000	32	0.000000	940	0.048936	0.602796	28	0.250000	0.053000	0.083101	
25	0.360000	9	0.000000	966	0.068323	0.602796	25	0.360000	0.075000	0.083019	
22	0.227273	6	0.000000	972	0.063786	0.602796	22	0.227273	0.067000	0.082859	
27	0.222222	4	0.000000	969	0.046440	0.602796	27	0.222222	0.051000	0.082544	
34	0.411765	12	0.000000	954	0.067086	0.602796	34	0.411765	0.078000	0.082499	
24	0.041667	1	0.000000	975	0.053333	1.150134	24	0.041667	0.053000	0.082213	
28	0.142857	1	0.000000	971	0.063852	0.927240	28	0.142857	0.066000	0.082057	
22	0.000000	1	0.000000	977	0.059365	0.897743	22	0.000000	0.058000	0.081828	
40	0.425000	15	0.000000	945	0.066667	0.507111	40	0.425000	0.080000	0.081811	
13	0.307692	1	0.000000	986	0.037525	0.546653	13	0.307692	0.041000	0.081429	
11	0.181818	8	0.000000	981	0.069317	0.546653	11	0.181818	0.070000	0.081323	
16	0.500000	4	0.000000	980	0.052041	0.491063	16	0.500000	0.059000	0.081119	
28	0.178571	2	0.000000	970	0.055670	0.705120	28	0.178571	0.059000	0.080917	
14	0.357143	2	0.000000	984	0.052846	0.620638	14	0.357143	0.057000	0.080702	
6	0.000000	0.0	0	994	0.046278	0.620638	6	0.000000	0.046000	0.080392	
15	0.200000	1	0.000000	984	0.042683	0.620638	21	0.142857	0.045000	0.080079	
18	0.222222	16	0.000000	966	0.059006	0.566278	18	0.222222	0.061000	0.079912	
13	0.461538	5	0.000000	982	0.047862	0.566278	13	0.461538	0.053000	0.079678	
11	0.272727	1	0.000000	988	0.055668	0.663755	11	0.272727	0.058000	0.079491	
16	0.250000	0.0	0	984	0.048780	0.663755	16	0.250000	0.052000	0.079256	
18	0.500000	1	0.000000	981	0.036697	0.663755	18	0.500000	0.045000	0.078965	
26	0.038462	0.0	0	974	0.051335	1.008190	26	0.038462	0.051000	0.078730	
23	0.173913	5	0.000000	972	0.043210	0.963159	23	0.173913	0.046000	0.078458	
27	0.222222	2	0.000000	971	0.060762	0.920488	27	0.222222	0.065000	0.078346	
24	0.166667	0.0	0	976	0.049180	0.920488	24	0.166667	0.052000	0.078131	
21	0.476190	3	0.000000	976	0.071721	0.635745	21	0.476190	0.080000	0.078146	
19	0.052632	0.0	0	981	0.048930	0.912994	19	0.052632	0.049000	0.077911	
11	0.363636	0.0	0	989	0.052578	0.561332	11	0.363636	0.056000	0.077735	
13	0.615385	6	0.000000	981	0.043833	0.561332	13	0.615385	0.051000	0.077523	
25	0.040000	11	0.000000	964	0.090249	1.066997	25	0.040000	0.088000	0.077606	
21	0.428571	0.0	0	979	0.053115	0.556358	21	0.428571	0.061000	0.077476	
15	0.000000	1	0.000000	984	0.046748	0.615572	15	0.000000	0.046000	0.077232	
12	0.583333	5	0.000000	983	0.049847	0.345598	12	0.583333	0.056000	0.077069	
29	0.448276	1	0.000000	970	0.045361	0.601320	29	0.448276	0.057000	0.076915	
23	0.304348	1	0.000000	976	0.064549	0.695155	23	0.304348	0.070000	0.076863	
11	0.272727	0.0	0	989	0.043478	0.695155	11	0.272727	0.046000	0.076631	
12	0.166667	1	0.000000	987	0.058764	0.695155	12	0.166667	0.060000	0.076507	
8	0.375000	1	0.000000	991	0.060545	0.576491	8	0.375000	0.063000	0.076407	
11	0.454545	2	0.000000	987	0.039514	0.576491	19	0.421053	0.044000	0.076169	
16	0.062500	1	0.000000	983	0.047813	1.050748	16	0.062500	0.048000	0.075963	
9	0.444444	3	0.000000	988	0.035425	0.606994	9	0.444444	0.039000	0.075695	
20	0.050000	0.0	0	980	0.036735	0.606994	29	0.172414	0.037000	0.075417	
12	0.500000	11	0.000000	977	0.047083	0.528888	12	0.500000	0.052000	0.075249	
12	0.166667	7	0.000000	981	0.050968	0.745495	12	0.166667	0.052000	0.075085	
35	0.371429	21	0.000000	944	0.042373	0.399573	35	0.371429	0.053000	0.074929	
9	0.333333	4	0.000000	987	0.068896	0.399573	9	0.333333	0.071000	0.074902	
23	0.391304	0.0	0	977	0.059365	0.399573	32	0.375000	0.067000	0.074847	
15	0.666667	2	0.000000	983	0.065107	0.399573	15	0.666667	0.074000	0.074841	
33	0.181818	7	0.000000	960	0.054167	0.771212	33	0.181818	0.058000	0.074726	
39	0.179487	1	0.000000	960	0.060417	0.619645	39	0.179487	0.065000	0.074659	
86	0.313953	16	0.062500	898	0.038976	0.481755	86	0.313953	0.063000	0.074581	
70	0.414286	12	0.000000	918	0.044662	0.481755	70	0.414286	0.070000	0.074550	
91	0.417582	10	0.000000	899	0.063404	0.510876	91	0.417582	0.095000	0.074686	
135	0.185185	17	0.117647	848	0.087264	0.845919	135	0.185185	0.101000	0.074860	
68	0.250000	12	0.000000	920	0.060870	0.665226	68	0.250000	0.073000	0.074848	
80	0.262500	6	0.000000	914	0.047046	0.665226	80	0.262500	0.064000	0.074777	
71	0.338028	7	0.000000	922	0.046638	0.665226	71	0.338028	0.067000	0.074727	
82	0.304878	14	0.000000	904	0.037611	0.665226	82	0.304878	0.059000	0.074625	
71	0.239437	7	0.000000	922	0.048807	0.665226	71	0.239437	0.062000	0.074544	
69	0.275362	13	0.000000	918	0.038126	0.665226	69	0.275362	0.054000	0.074414	
85	0.235294	13	0.000000	902	0.079823	0.665226	85	0.235294	0.092000	0.074525	
68	0.294118	16	0.125000	916	0.022926	0.665226	68	0.294118	0.043000	0.074327	
99	0.262626	10	0.000000	891	0.044893	0.665226	99	0.262626	0.066000	0.074275	
76	0.342105	9	0.000000	915	0.042623	0.665226	76	0.342105	0.065000	0.074217	
82	0.292683	10	0.000000	908	0.056167	0.665226	82	0.292683	0.075000	0.074222	
128	0.242188	36	0.027778	836	0.076555	0.665226	128	0.242188	0.096000	0.074355	
13	0.307692	3	0.000000	984	0.059959	0.665226	13	0.307692	0.063000	0.074286	
9	0.444444	4	0.000000	987	0.045593	0.665226	9	0.444444	0.049000	0.074133	
54	0.259259	4	0.250000	942	0.050955	0.665226	63	0.285714	0.063000	0.074066	
102	0.205882	13	0.000000	885	0.050847	0.665226	102	0.205882	0.066000	0.074018	
106	0.273585	17	0.000000	877	0.057013	0.665226	106	0.273585	0.079000	0.074047	
115	0.286957	21	0.000000	864	0.055556	0.665226	115	0.286957	0.081000	0.074088	
96	0.291667	8	0.000000	896	0.049107	0.665226	96	0.291667	0.072000	0.074076	
82	0.292683	10	0.000000	908	0.036344	0.665226	82	0.292683	0.057000	0.073976	
94	0.234043	6	0.000000	900	0.062222	0.665226	94	0.234043	0.078000	0.074000	
150	0.280000	22	0.000000	828	0.057971	0.665226	150	0.280000	0.090000	0.074092	
64	0.312500	17	0.000000	919	0.044614	0.665226	64	0.312500	0.061000	0.074017	
92	0.271739	12	0.000000	896	0.059152	0.665226	92	0.271739	0.078000	0.074040	
103	0.291262	20	0.000000	877	0.046750	0.665226	103	0.291262	0.071000	0.074022	
79	0.253165	14	0.000000	907	0.052922	0.665226	79	0.253165	0.068000	0.073988	
95	0.263158	23	0.000000	882	0.048753	0.665226	95	0.263158	0.068000	0.073955	
60	0.200000	8	0.000000	932	0.056867	0.665226	60	0.200000	0.065000	0.073905	
103	0.262136	14	0.000000	883	0.038505	0.665226	103	0.262136	0.061000	0.073833	
106	0.358491	17	0.000000	877	0.063854	0.665226	106	0.358491	0.094000	0.073944	
111	0.180180	18	0.111111	871	0.059701	0.665226	111	0.180180	0.074000	0.073945	
78	0.474359	9	0.000000	913	0.058050	0.589746	78	0.474359	0.090000	0.074032	
91	0.109890	25	0.000000	884	0.039593	1.120845	91	0.109890	0.045000	0.073875	
79	0.316456	22	0.000000	899	0.065628	0.598948	79	0.316456	0.084000	0.073929	
73	0.328767	13	0.000000	914	0.049234	0.598948	73	0.328767	0.069000	0.073903	
65	0.276923	9	0.000000	926	0.046436	0.598948	65	0.276923	0.061000	0.073834	
74	0.351351	10	0.000000	916	0.045852	0.598948	74	0.351351	0.068000	0.073803	
59	0.491525	7	0.142857	934	0.033191	0.598948	59	0.491525	0.061000	0.073735	
78	0.128205	11	0.000000	911	0.046103	0.832912	78	0.128205	0.052000	0.073621	
85	0.388235	13	0.076923	902	0.043237	0.526302	85	0.388235	0.073000	0.073617	
62	0.258065	21	0.000000	917	0.064340	0.526302	62	0.258065	0.075000	0.073625	
76	0.289474	15	0.000000	909	0.047305	0.526302	76	0.289474	0.065000	0.073580	
86	0.430233	16	0.000000	898	0.047884	0.526302	86	0.430233	0.080000	0.073613	
87	0.160920	11	0.000000	902	0.053215	0.986213	87	0.160920	0.062000	0.073553	
57	0.157895	9	0.000000	934	0.064240	0.926978	57	0.157895	0.069000	0.073530	
64	0.296875	12	0.083333	924	0.072511	0.556018	64	0.296875	0.087000	0.073599	
112	0.375000	7	0.000000	881	0.085131	0.556018	112	0.375000	0.117000	0.073818	
107	0.495327	7	0.142857	886	0.067720	0.556018	107	0.495327	0.114000	0.074020	
81	0.123457	26	0.000000	893	0.067189	1.004289	81	0.123457	0.070000	0.074000	
114	0.140351	6	0.000000	880	0.055682	0.961885	114	0.140351	0.065000	0.073955	
85	0.341176	17	0.117647	898	0.041203	0.753278	85	0.341176	0.068000	0.073925	
48	0.187500	14	0.000000	938	0.068230	0.753278	48	0.187500	0.073000	0.073921	
34	0.500000	17	0.000000	949	0.044257	0.400676	34	0.500000	0.059000	0.073848	
33	0.303030	6	0.000000	961	0.043704	0.669232	33	0.303030	0.052000	0.073741	
65	0.246154	17	0.000000	918	0.056645	0.669232	65	0.246154	0.068000	0.073713	
83	0.313253	11	0.090909	906	0.080574	0.669232	83	0.313253	0.100000	0.073840	
102	0.245098	12	0.000000	886	0.084650	0.669232	102	0.245098	0.100000	0.073966	
74	0.256757	5	0.000000	921	0.060803	0.669232	74	0.256757	0.075000	0.073971	
107	0.271028	23	0.043478	870	0.044828	0.669232	107	0.271028	0.069000	0.073947	
120	0.325000	18	0.000000	862	0.060325	0.669232	120	0.325000	0.091000	0.074028	
128	0.359375	20	0.000000	852	0.051643	0.669232	128	0.359375	0.090000	0.074103	
117	0.247863	16	0.000000	867	0.058824	0.669232	117	0.247863	0.080000	0.074131	
116	0.353448	11	0.090909	873	0.068729	0.669232	116	0.353448	0.102000	0.074261	
50	0.360000	10	0.000000	940	0.062766	0.669232	50	0.360000	0.077000	0.074274	
50	0.300000	9	0.000000	941	0.048884	0.669232	50	0.300000	0.061000	0.074213	
61	0.229508	25	0.000000	914	0.076586	0.669232	61	0.229508	0.084000	0.074258	
48	0.395833	5	0.000000	947	0.032735	0.669232	48	0.395833	0.050000	0.074146	
69	0.304348	10	0.000000	921	0.047774	0.669232	69	0.304348	0.065000	0.074105	
101	0.386139	17	0.058824	882	0.037415	0.669232	101	0.386139	0.073000	0.074100	
120	0.433333	17	0.000000	863	0.054461	0.669232	120	0.433333	0.099000	0.074212	
149	0.302013	24	0.000000	827	0.066505	0.674467	149	0.302013	0.100000	0.074328	
135	0.296296	29	0.000000	836	0.074163	0.674467	135	0.296296	0.102000	0.074453	
137	0.335766	26	0.000000	837	0.051374	0.674467	137	0.335766	0.089000	0.074518	
104	0.336538	9	0.000000	887	0.045096	0.674467	104	0.336538	0.075000	0.074520	
163	0.337423	35	0.028571	802	0.071072	0.674467	163	0.337423	0.113000	0.074690	
61	0.393443	13	0.000000	926	0.066955	0.674467	61	0.393443	0.086000	0.074740	
112	0.330357	10	0.100000	878	0.044419	0.674467	112	0.330357	0.077000	0.074750	
123	0.365854	18	0.000000	859	0.041909	0.674467	123	0.365854	0.081000	0.074777	
122	0.385246	12	0.000000	866	0.069284	0.674467	122	0.385246	0.107000	0.074917	
139	0.215827	13	0.000000	848	0.047170	0.674467	139	0.215827	0.070000	0.074896	
144	0.347222	29	0.000000	827	0.076179	0.674467	144	0.347222	0.113000	0.075060	
142	0.295775	10	0.000000	848	0.043632	0.674467	142	0.295775	0.079000	0.075077	
130	0.423077	22	0.000000	848	0.056604	0.674467	130	0.423077	0.103000	0.075196	
120	0.275000	12	0.000000	868	0.056452	0.784834	120	0.275000	0.082000	0.075225	
122	0.213115	8	0.000000	870	0.051724	0.784834	122	0.213115	0.071000	0.075207	
131	0.320611	17	0.058824	852	0.083333	0.784834	131	0.320611	0.114000	0.075371	
84	0.297619	18	0.000000	898	0.053452	0.784834	84	0.297619	0.073000	0.075361	
75	0.280000	34	0.000000	891	0.062851	0.784834	75	0.280000	0.077000	0.075368	
85	0.294118	7	0.000000	908	0.066079	0.784834	85	0.294118	0.085000	0.075408	
88	0.261364	8	0.000000	904	0.046460	0.784834	88	0.261364	0.065000	0.075365	
103	0.252427	10	0.000000	887	0.042841	0.784834	103	0.252427	0.064000	0.075318	
91	0.351648	13	0.076923	896	0.052455	0.784834	91	0.351648	0.080000	0.075337	
126	0.301587	25	0.000000	849	0.050648	0.784834	126	0.301587	0.081000	0.075360	
160	0.225000	29	0.000000	811	0.072750	0.784834	160	0.225000	0.095000	0.075441	
141	0.255319	25	0.000000	834	0.056355	0.784834	141	0.255319	0.083000	0.075471	
153	0.267974	19	0.000000	828	0.061594	0.784834	153	0.267974	0.092000	0.075538	
137	0.262774	35	0.000000	828	0.070048	0.784834	137	0.262774	0.094000	0.075613	
139	0.287770	21	0.000000	840	0.048810	0.784834	139	0.287770	0.081000	0.075634	
146	0.253425	22	0.000000	832	0.049279	0.784834	146	0.253425	0.078000	0.075644	
123	0.252033	24	0.000000	853	0.060961	0.784834	123	0.252033	0.083000	0.075673	
152	0.230263	15	0.000000	833	0.055222	0.784834	152	0.230263	0.081000	0.075694	
137	0.240876	22	0.000000	841	0.058264	0.784834	137	0.240876	0.082000	0.075719	
94	0.265957	25	0.040000	881	0.039728	0.784834	94	0.265957	0.061000	0.075661	
97	0.247423	8	0.000000	895	0.050279	0.784834	97	0.247423	0.069000	0.075635	
82	0.280488	8	0.000000	910	0.047253	0.784834	82	0.280488	0.066000	0.075597	
76	0.355263	11	0.000000	913	0.046002	0.784834	76	0.355263	0.069000	0.075572	
89	0.280899	17	0.000000	894	0.058166	0.784834	89	0.280899	0.077000	0.075577	
111	0.216216	16	0.062500	873	0.056128	0.784834	111	0.216216	0.074000	0.075571	
110	0.254545	13	0.000000	877	0.061574	0.784834	110	0.254545	0.082000	0.075596	
114	0.192982	21	0.000000	865	0.061272	0.784834	114	0.192982	0.075000	0.075594	
129	0.465116	25	0.000000	846	0.053191	0.546286	129	0.465116	0.105000	0.075706	
51	0.294118	9	0.111111	940	0.056383	0.851601	51	0.294118	0.069000	0.075680	
12	0.083333	1	0.000000	987	0.056738	0.851601	12	0.083333	0.057000	0.075610	
10	0.200000	1	0.000000	989	0.054601	0.690873	10	0.200000	0.056000	0.075536	
28	0.392857	4	0.000000	968	0.056818	0.690873	28	0.392857	0.066000	0.075500	
17	0.176471	3	0.000000	980	0.051020	0.690873	17	0.176471	0.053000	0.075415	
59	0.389831	15	0.200000	926	0.057235	0.532353	59	0.389831	0.079000	0.075429	
110	0.518182	17	0.000000	873	0.049255	0.532353	110	0.518182	0.100000	0.075520	
121	0.107438	12	0.000000	867	0.063437	0.969689	121	0.107438	0.068000	0.075492	
125	0.168000	29	0.000000	846	0.061466	0.852839	125	0.168000	0.073000	0.075483	
116	0.284483	17	0.000000	867	0.074971	0.772393	116	0.284483	0.098000	0.075566	
107	0.233645	28	0.000000	865	0.045087	0.772393	107	0.233645	0.064000	0.075524	
104	0.326923	18	0.000000	878	0.054670	0.772393	104	0.326923	0.082000	0.075547	
117	0.213675	30	0.000000	853	0.043376	0.772393	117	0.213675	0.062000	0.075498	
109	0.229358	29	0.000000	862	0.040603	0.772393	109	0.229358	0.060000	0.075442	
128	0.210938	10	0.000000	862	0.087007	0.772393	128	0.210938	0.102000	0.075538	
116	0.206897	15	0.000000	869	0.049482	0.772393	116	0.206897	0.067000	0.075507	
105	0.266667	34	0.000000	861	0.048780	0.772393	105	0.266667	0.070000	0.075487	
106	0.188679	28	0.000000	866	0.064665	0.772393	106	0.188679	0.076000	0.075489	
124	0.596774	11	0.000000	865	0.095954	0.407753	124	0.596774	0.157000	0.075779	
102	0.284314	17	0.000000	881	0.063564	0.708865	102	0.284314	0.085000	0.075812	
108	0.370370	15	0.133333	877	0.064994	0.708865	108	0.370370	0.099000	0.075894	
115	0.182609	33	0.000000	852	0.068075	0.708865	115	0.182609	0.079000	0.075905	
116	0.327586	23	0.000000	861	0.046458	0.694807	116	0.327586	0.078000	0.075912	
98	0.285714	11	0.000000	891	0.046016	0.694807	98	0.285714	0.069000	0.075888	
112	0.276786	17	0.058824	871	0.060850	0.694807	112	0.276786	0.085000	0.075920	
120	0.316667	20	0.050000	860	0.069767	0.694807	120	0.316667	0.099000	0.076000	
124	0.298387	15	0.000000	861	0.059233	0.694807	124	0.298387	0.088000	0.076041	
105	0.238095	12	0.000000	883	0.060023	0.694807	105	0.238095	0.078000	0.076048	
117	0.247863	15	0.000000	868	0.069124	0.694807	117	0.247863	0.089000	0.076093	
80	0.337500	16	0.000000	904	0.043142	0.694807	80	0.337500	0.066000	0.076058	
109	0.348624	19	0.000000	872	0.063073	0.694807	109	0.348624	0.093000	0.076116	
131	0.183206	21	0.000000	848	0.066038	0.694807	131	0.183206	0.080000	0.076129	
106	0.518868	9	0.000000	885	0.050847	0.365587	106	0.518868	0.100000	0.076210	
117	0.487179	14	0.000000	869	0.049482	0.507650	117	0.487179	0.100000	0.076290	
84	0.297619	18	0.000000	898	0.047884	0.634117	84	0.297619	0.068000	0.076262	
108	0.333333	13	0.000000	879	0.063709	0.634117	108	0.333333	0.092000	0.076315	
110	0.336364	14	0.000000	876	0.047945	0.634117	110	0.336364	0.079000	0.076324	
113	0.247788	16	0.000000	871	0.050517	0.634117	113	0.247788	0.072000	0.076310	
48	0.375000	9	0.111111	943	0.048780	0.634117	48	0.375000	0.065000	0.076272	
71	0.366197	12	0.083333	917	0.075245	0.634117	71	0.366197	0.096000	0.076337	
85	0.411765	15	0.066667	900	0.052222	0.634117	85	0.411765	0.083000	0.076359	
172	0.098837	25	0.040000	803	0.049813	1.227478	172	0.098837	0.058000	0.076299	
98	0.346939	16	0.000000	886	0.050790	0.667115	98	0.346939	0.079000	0.076308	
60	0.300000	11	0.000000	929	0.038751	0.667115	60	0.300000	0.054000	0.076235	
114	0.149123	10	0.000000	876	0.062785	0.667115	114	0.149123	0.072000	0.076221	
88	0.284091	18	0.055556	894	0.058166	0.597552	88	0.284091	0.078000	0.076227	
111	0.351351	11	0.000000	878	0.055809	0.597552	111	0.351351	0.088000	0.076265	
94	0.276596	10	0.100000	896	0.049107	0.597552	94	0.276596	0.071000	0.076248	
109	0.330275	12	0.000000	879	0.043231	0.597552	109	0.330275	0.074000	0.076241	
93	0.333333	13	0.076923	894	0.043624	0.597552	93	0.333333	0.071000	0.076224	
107	0.336449	16	0.062500	877	0.058153	0.597552	107	0.336449	0.088000	0.076262	
115	0.417391	12	0.000000	873	0.066438	0.597552	115	0.417391	0.106000	0.076356	
111	0.225225	19	0.000000	870	0.054023	0.738685	111	0.225225	0.072000	0.076343	
98	0.367347	19	0.105263	883	0.063420	0.738685	98	0.367347	0.094000	0.076398	
94	0.287234	20	0.000000	886	0.036117	0.738685	94	0.287234	0.059000	0.076344	
85	0.294118	7	0.000000	908	0.048458	0.738685	85	0.294118	0.069000	0.076321	
107	0.242991	10	0.000000	883	0.035108	0.738685	107	0.242991	0.057000	0.076260	
112	0.303571	21	0.000000	867	0.043829	0.738685	112	0.303571	0.072000	0.076247	
106	0.235849	15	0.133333	879	0.046644	0.738685	106	0.235849	0.068000	0.076221	
141	0.262411	31	0.000000	828	0.057971	0.738685	141	0.262411	0.085000	0.076248	
86	0.337209	19	0.000000	895	0.067039	0.738685	86	0.337209	0.089000	0.076288	
116	0.267241	19	0.000000	865	0.047399	0.738685	116	0.267241	0.072000	0.076274	
81	0.345679	8	0.000000	911	0.064764	0.738685	81	0.345679	0.087000	0.076307	
104	0.230769	29	0.000000	867	0.071511	0.738685	104	0.230769	0.086000	0.076337	
86	0.290698	22	0.000000	892	0.047085	0.738685	86	0.290698	0.067000	0.076309	
83	0.265060	9	0.000000	908	0.035242	0.738685	83	0.265060	0.054000	0.076241	
84	0.309524	15	0.000000	901	0.055494	0.738685	84	0.309524	0.076000	0.076240	
74	0.243243	22	0.000000	904	0.061947	0.738685	74	0.243243	0.074000	0.076233	
94	0.223404	21	0.000000	885	0.064407	0.738685	94	0.223404	0.078000	0.076238	
85	0.317647	9	0.000000	906	0.056291	0.738685	85	0.317647	0.078000	0.076244	
90	0.277778	11	0.000000	899	0.055617	0.738685	90	0.277778	0.075000	0.076240	
96	0.291667	29	0.000000	875	0.070857	0.738685	96	0.291667	0.090000	0.076281	
113	0.212389	34	0.000000	853	0.032825	0.738685	113	0.212389	0.052000	0.076209	
83	0.313253	8	0.000000	909	0.057206	0.738685	83	0.313253	0.078000	0.076214	
100	0.230000	17	0.000000	883	0.044168	0.738685	100	0.230000	0.062000	0.076172	
76	0.223684	9	0.000000	915	0.045902	0.738685	76	0.223684	0.059000	0.076121	
99	0.202020	37	0.000000	864	0.067130	0.738685	99	0.202020	0.078000	0.076127	
106	0.283019	23	0.000000	871	0.055109	0.738685	106	0.283019	0.078000	0.076132	
82	0.195122	15	0.000000	903	0.048726	0.738685	82	0.195122	0.060000	0.076085	
95	0.252632	7	0.000000	898	0.079065	0.698423	95	0.252632	0.095000	0.076140	
69	0.362319	11	0.000000	920	0.038043	0.698423	69	0.362319	0.060000	0.076093	
109	0.275229	20	0.000000	871	0.058553	0.698423	109	0.275229	0.081000	0.076107	
86	0.279070	13	0.076923	901	0.067703	0.698423	86	0.279070	0.086000	0.076136	
145	0.179310	37	0.000000	818	0.039120	0.698423	145	0.179310	0.058000	0.076084	
116	0.431034	9	0.000000	875	0.041143	0.524808	116	0.431034	0.086000	0.076112	
115	0.373913	15	0.000000	870	0.055172	0.617045	115	0.373913	0.091000	0.076155	
83	0.373494	25	0.000000	892	0.039238	0.617045	83	0.373494	0.066000	0.076126	
141	0.248227	25	0.000000	834	0.044365	0.617045	141	0.248227	0.072000	0.076114	
76	0.407895	9	0.111111	915	0.036066	0.617045	76	0.407895	0.065000	0.076082	
115	0.095652	11	0.000000	874	0.059497	1.032537	115	0.095652	0.063000	0.076045	
99	0.464646	19	0.000000	882	0.079365	0.591258	99	0.464646	0.116000	0.076158	
73	0.260274	10	0.000000	917	0.051254	0.766221	73	0.260274	0.066000	0.076130	
131	0.206107	20	0.000000	849	0.054181	0.766221	131	0.206107	0.073000	0.076121	
112	0.142857	13	0.000000	875	0.051429	0.766221	112	0.142857	0.061000	0.076078	
90	0.433333	9	0.000000	901	0.049945	0.544011	90	0.433333	0.084000	0.076101	
93	0.301075	10	0.000000	897	0.051282	0.613220	93	0.301075	0.074000	0.076095	
99	0.444444	27	0.000000	874	0.045767	0.613220	99	0.444444	0.084000	0.076117	
104	0.298077	23	0.000000	873	0.060710	0.689857	104	0.298077	0.084000	0.076139	
108	0.324074	10	0.000000	882	0.058957	0.689857	108	0.324074	0.087000	0.076169	
93	0.311828	7	0.000000	900	0.065556	0.689857	93	0.311828	0.088000	0.076201	
81	0.333333	12	0.000000	907	0.061742	0.689857	81	0.333333	0.083000	0.076220	
135	0.296296	16	0.000000	849	0.032980	0.689857	135	0.296296	0.068000	0.076198	
118	0.279661	25	0.000000	857	0.054842	0.689857	118	0.279661	0.080000	0.076208	
87	0.310345	17	0.000000	896	0.049107	0.689857	87	0.310345	0.071000	0.076194	
87	0.310345	17	0.000000	896	0.073661	0.689857	87	0.310345	0.093000	0.076240	
86	0.406977	15	0.000000	899	0.054505	0.689857	86	0.406977	0.084000	0.076261	
130	0.046154	11	0.000000	859	0.057043	1.317103	130	0.046154	0.055000	0.076203	
109	0.330275	9	0.000000	882	0.061224	0.683416	109	0.330275	0.090000	0.076240	
109	0.311927	15	0.000000	876	0.047945	0.683416	109	0.311927	0.076000	0.076240	
105	0.247619	14	0.000000	881	0.062429	0.683416	105	0.247619	0.081000	0.076252	
141	0.276596	27	0.000000	832	0.042067	0.683416	141	0.276596	0.074000	0.076246	
75	0.293333	8	0.000000	917	0.049073	0.683416	75	0.293333	0.067000	0.076222	
117	0.333333	23	0.000000	860	0.054651	0.683416	117	0.333333	0.086000	0.076248	
129	0.255814	35	0.000000	836	0.092105	0.683416	129	0.255814	0.110000	0.076338	
102	0.215686	23	0.000000	875	0.069714	0.683416	102	0.215686	0.083000	0.076355	
116	0.267241	16	0.000000	868	0.034562	0.683416	116	0.267241	0.061000	0.076315	
95	0.389474	12	0.000000	893	0.039194	0.683416	95	0.389474	0.072000	0.076303	
93	0.301075	4	0.000000	903	0.058693	0.683416	93	0.301075	0.081000	0.076316	
118	0.372881	20	0.000000	862	0.051044	0.683416	118	0.372881	0.088000	0.076346	
101	0.386139	19	0.000000	880	0.073864	0.683416	101	0.386139	0.104000	0.076419	
99	0.212121	9	0.000000	892	0.062780	0.683416	99	0.212121	0.077000	0.076420	
101	0.425743	19	0.000000	880	0.065909	0.683416	101	0.425743	0.101000	0.076484	
87	0.091954	8	0.000000	905	0.075138	1.059876	87	0.091954	0.076000	0.076483	
116	0.232759	9	0.000000	875	0.084571	0.768511	116	0.232759	0.101000	0.076546	
99	0.242424	11	0.000000	890	0.046067	0.768511	99	0.242424	0.065000	0.076517	
112	0.276786	19	0.000000	869	0.073648	0.768511	112	0.276786	0.095000	0.076564	
100	0.310000	13	0.000000	887	0.064262	0.768511	100	0.310000	0.088000	0.076594	
110	0.263636	11	0.000000	879	0.084187	0.768511	110	0.263636	0.103000	0.076661	
150	0.213333	16	0.000000	834	0.067146	0.768511	150	0.213333	0.088000	0.076690	
112	0.214286	18	0.000000	870	0.065517	0.768511	112	0.214286	0.081000	0.076701	
98	0.367347	21	0.000000	881	0.076050	0.768511	98	0.367347	0.103000	0.076768	
71	0.239437	9	0.000000	920	0.040217	0.768511	71	0.239437	0.054000	0.076710	
98	0.142857	16	0.000000	886	0.028217	0.768511	98	0.142857	0.039000	0.076615	
91	0.351648	11	0.000000	898	0.051225	0.656712	91	0.351648	0.078000	0.076618	
131	0.290076	13	0.000000	856	0.065421	0.656712	131	0.290076	0.094000	0.076662	
122	0.377049	22	0.090909	856	0.056075	0.656712	122	0.377049	0.096000	0.076711	
88	0.454545	19	0.000000	893	0.042553	0.656712	88	0.454545	0.078000	0.076714	
28	0.142857	7	0.142857	965	0.060104	0.826961	28	0.142857	0.063000	0.076680	
21	0.333333	1	0.000000	978	0.059305	0.670828	21	0.333333	0.065000	0.076651	
23	0.217391	26	0.000000	951	0.037855	0.670828	23	0.217391	0.041000	0.076562	
32	0.437500	7	0.000000	961	0.092612	0.670828	32	0.437500	0.103000	0.076628	
16	0.125000	1	0.000000	983	0.077314	1.180162	16	0.125000	0.078000	0.076631	
69	0.217391	13	0.076923	918	0.049020	0.942968	69	0.217391	0.061000	0.076592	
94	0.223404	15	0.000000	891	0.058361	0.942968	94	0.223404	0.073000	0.076584	
109	0.229358	27	0.000000	864	0.059028	0.942968	109	0.229358	0.076000	0.076582	
124	0.258065	15	0.000000	861	0.061556	0.942968	124	0.258065	0.085000	0.076603	
106	0.188679	7	0.000000	887	0.054115	0.942968	106	0.188679	0.068000	0.076582	
149	0.194631	17	0.000000	834	0.075540	0.908294	149	0.194631	0.092000	0.076619	
104	0.182692	14	0.000000	882	0.058957	0.754724	104	0.182692	0.071000	0.076606	
80	0.300000	17	0.000000	903	0.059801	0.746139	80	0.300000	0.078000	0.076609	
108	0.305556	13	0.000000	879	0.053470	0.746139	108	0.305556	0.080000	0.076617	
82	0.243902	6	0.000000	912	0.024123	0.746139	82	0.243902	0.042000	0.076534	
78	0.358974	10	0.000000	912	0.058114	0.746139	78	0.358974	0.081000	0.076544	
104	0.182692	11	0.000000	885	0.063277	0.746139	104	0.182692	0.075000	0.076541	
106	0.320755	14	0.000000	880	0.043182	0.714798	106	0.320755	0.072000	0.076530	
102	0.313725	11	0.000000	887	0.065389	0.714798	102	0.313725	0.090000	0.076562	
113	0.256637	21	0.000000	866	0.046189	0.714798	113	0.256637	0.069000	0.076544	
117	0.290598	14	0.000000	869	0.047181	0.714798	117	0.290598	0.075000	0.076540	
92	0.336957	12	0.000000	896	0.062500	0.714798	92	0.336957	0.087000	0.076565	
97	0.381443	15	0.000000	888	0.064189	0.714798	97	0.381443	0.094000	0.076606	
97	0.257732	17	0.000000	886	0.068849	0.714798	97	0.257732	0.086000	0.076629	
126	0.301587	12	0.000000	862	0.069606	0.714798	126	0.301587	0.098000	0.076679	
107	0.224299	17	0.000000	876	0.055936	0.714798	107	0.224299	0.073000	0.076670	
89	0.258427	15	0.000000	896	0.080357	0.714798	89	0.258427	0.095000	0.076713	
99	0.252525	10	0.000000	891	0.076319	0.714798	99	0.252525	0.093000	0.076752	
99	0.292929	27	0.000000	874	0.057208	0.714798	99	0.292929	0.079000	0.076757	
103	0.223301	12	0.000000	885	0.038418	0.714798	103	0.223301	0.057000	0.076711	
120	0.308333	20	0.000000	860	0.050000	0.714798	120	0.308333	0.080000	0.076718	
99	0.282828	23	0.000000	878	0.026196	0.714798	99	0.282828	0.051000	0.076659	
105	0.285714	15	0.000000	880	0.044318	0.714798	105	0.285714	0.069000	0.076641	
109	0.293578	30	0.000000	861	0.056911	0.714798	109	0.293578	0.081000	0.076651	
127	0.196850	16	0.000000	857	0.049008	0.714798	127	0.196850	0.067000	0.076629	
97	0.608247	21	0.000000	882	0.037415	0.416650	97	0.608247	0.092000	0.076664	
95	0.473684	13	0.000000	892	0.038117	0.476980	95	0.473684	0.079000	0.076670	
93	0.268817	22	0.000000	885	0.061017	0.801313	93	0.268817	0.079000	0.076675	
98	0.255102	10	0.000000	892	0.050448	0.801313	98	0.255102	0.070000	0.076660	
110	0.281818	19	0.000000	871	0.064294	0.801313	110	0.281818	0.087000	0.076683	
86	0.220930	13	0.000000	901	0.046615	0.801313	86	0.220930	0.061000	0.076648	
94	0.202128	16	0.000000	890	0.052809	0.801313	94	0.202128	0.066000	0.076623	
100	0.410000	8	0.000000	892	0.054933	0.801313	100	0.410000	0.090000	0.076654	
102	0.147059	13	0.000000	885	0.059887	1.037842	102	0.147059	0.068000	0.076634	
107	0.383178	23	0.000000	870	0.058621	0.527365	107	0.383178	0.092000	0.076669	
114	0.385965	19	0.000000	867	0.049596	0.527365	114	0.385965	0.087000	0.076692	
88	0.420455	19	0.000000	893	0.051512	0.527365	88	0.420455	0.083000	0.076706	
112	0.294643	30	0.000000	858	0.055944	0.909810	112	0.294643	0.081000	0.076716	
118	0.372881	19	0.000000	863	0.066049	0.725818	118	0.372881	0.101000	0.076770	
108	0.259259	13	0.000000	879	0.053470	0.711626	108	0.259259	0.075000	0.076766	
120	0.241667	15	0.000000	865	0.089017	0.698451	120	0.241667	0.106000	0.076831	
106	0.301887	22	0.000000	872	0.056193	0.690603	106	0.301887	0.081000	0.076840	
101	0.247525	23	0.000000	876	0.066210	0.685891	101	0.247525	0.083000	0.076854	
103	0.368932	32	0.000000	865	0.040462	0.680938	103	0.368932	0.073000	0.076845	
107	0.364486	11	0.000000	882	0.057823	0.677842	107	0.364486	0.090000	0.076874	
98	0.224490	14	0.000000	888	0.046171	0.678228	98	0.224490	0.063000	0.076844	
140	0.350000	16	0.000000	844	0.065166	0.678895	140	0.350000	0.104000	0.076903	
107	0.345794	13	0.000000	880	0.053409	0.679104	107	0.345794	0.084000	0.076919	
108	0.296296	25	0.000000	867	0.059977	0.680700	108	0.296296	0.084000	0.076934	
83	0.397590	6	0.000000	911	0.057080	0.680012	83	0.397590	0.085000	0.076952	
84	0.285714	12	0.000000	904	0.048673	0.681500	84	0.285714	0.068000	0.076932	
124	0.225806	15	0.000000	861	0.053426	0.681352	124	0.225806	0.074000	0.076926	
119	0.319328	17	0.000000	864	0.061343	0.679609	119	0.319328	0.091000	0.076957	
96	0.177083	37	0.000000	867	0.059977	0.680275	96	0.177083	0.069000	0.076939	
109	0.449541	22	0.000000	869	0.051784	0.466191	109	0.449541	0.094000	0.076976	
105	0.228571	13	0.000000	882	0.049887	0.835556	105	0.228571	0.068000	0.076957	
89	0.280899	16	0.000000	895	0.040223	0.682829	89	0.280899	0.061000	0.076923	
87	0.356322	13	0.000000	900	0.035556	0.682476	87	0.356322	0.063000	0.076893	
133	0.360902	21	0.000000	846	0.041371	0.683704	133	0.360902	0.083000	0.076906	
76	0.236842	14	0.071429	910	0.058242	0.684604	76	0.236842	0.072000	0.076895	
45	0.422222	10	0.000000	945	0.037037	0.686032	45	0.422222	0.054000	0.076847	
82	0.109756	10	0.100000	908	0.055066	1.024588	82	0.109756	0.060000	0.076811	
111	0.171171	16	0.000000	873	0.060710	0.903511	111	0.171171	0.072000	0.076801	
126	0.404762	17	0.000000	857	0.085181	0.531361	126	0.404762	0.124000	0.076900	
177	0.096045	34	0.000000	789	0.050697	0.978262	177	0.096045	0.057000	0.076858	
124	0.290323	18	0.000000	858	0.059441	0.621907	124	0.290323	0.087000	0.076880	
106	0.254717	17	0.000000	877	0.060433	0.693470	106	0.254717	0.080000	0.076886	
137	0.277372	32	0.000000	831	0.063779	0.693612	137	0.277372	0.091000	0.076916	
123	0.268293	14	0.000000	863	0.064890	0.695267	123	0.268293	0.089000	0.076941	
100	0.280000	19	0.000000	881	0.057889	0.696335	100	0.280000	0.079000	0.076946	
116	0.336207	14	0.000000	870	0.050575	0.696229	116	0.336207	0.083000	0.076958	
110	0.309091	15	0.000000	875	0.044571	0.698403	110	0.309091	0.073000	0.076950	
115	0.356522	16	0.000000	869	0.050633	0.699908	115	0.356522	0.085000	0.076967	
44	0.340909	5	0.200000	951	0.052576	0.699586	44	0.340909	0.066000	0.076944	
27	0.222222	3	0.000000	970	0.064948	0.699661	27	0.222222	0.069000	0.076928	
25	0.200000	16	0.000000	959	0.068822	0.699886	25	0.200000	0.071000	0.076915	
22	0.454545	6	0.000000	972	0.053498	0.699452	22	0.454545	0.062000	0.076885	
33	0.151515	10	0.000000	957	0.044932	0.797388	33	0.151515	0.048000	0.076825	
33	0.303030	9	0.000000	958	0.060543	0.679424	33	0.303030	0.068000	0.076807	
22	0.181818	3	0.000000	975	0.066667	0.702315	22	0.181818	0.069000	0.076791	
72	0.638889	16	0.062500	912	0.070175	0.361845	72	0.638889	0.111000	0.076861	
100	0.380000	11	0.000000	889	0.048369	0.698218	100	0.380000	0.081000	0.076869	
152	0.256579	18	0.000000	830	0.072289	0.704904	152	0.256579	0.099000	0.076914	
80	0.237500	13	0.000000	907	0.041896	0.704490	80	0.237500	0.057000	0.076874	
81	0.407407	5	0.000000	914	0.060175	0.703117	81	0.407407	0.088000	0.076897	
88	0.227273	7	0.000000	905	0.044199	0.773862	88	0.227273	0.060000	0.076862	
81	0.382716	16	0.000000	903	0.050941	0.701932	81	0.382716	0.077000	0.076863	
89	0.303371	18	0.000000	893	0.051512	0.703164	89	0.303371	0.073000	0.076855	
96	0.281250	13	0.000000	891	0.051627	0.703760	96	0.281250	0.073000	0.076847	
99	0.242424	8	0.000000	893	0.054871	0.703114	99	0.242424	0.073000	0.076840	
86	0.209302	20	0.100000	894	0.060403	0.702644	86	0.209302	0.074000	0.076834	
122	0.311475	17	0.000000	861	0.052265	0.704755	122	0.311475	0.083000	0.076846	
98	0.234694	17	0.000000	885	0.067797	0.705083	98	0.234694	0.083000	0.076858	
73	0.342466	10	0.000000	917	0.069793	0.703884	73	0.342466	0.089000	0.076883	
67	0.268657	5	0.000000	928	0.049569	0.704320	67	0.268657	0.064000	0.076857	
102	0.205882	13	0.000000	885	0.057627	0.703904	102	0.205882	0.072000	0.076847	
76	0.302632	11	0.000000	913	0.047097	0.702664	76	0.302632	0.066000	0.076826	
79	0.329114	9	0.000000	912	0.064693	0.704443	79	0.329114	0.085000	0.076842	
69	0.318841	5	0.000000	926	0.043197	0.704158	69	0.318841	0.062000	0.076813	
81	0.333333	9	0.000000	910	0.039560	0.705174	81	0.333333	0.063000	0.076786	
106	0.349057	23	0.000000	871	0.049369	0.707318	106	0.349057	0.080000	0.076792	
88	0.318182	5	0.000000	907	0.065050	0.708346	88	0.318182	0.087000	0.076812	
78	0.282051	9	0.000000	913	0.051479	0.710217	78	0.282051	0.069000	0.076797	
79	0.291139	12	0.000000	909	0.055006	0.711722	79	0.291139	0.073000	0.076789	
99	0.222222	13	0.000000	888	0.038288	0.712139	99	0.222222	0.056000	0.076749	
67	0.253731	8	0.000000	925	0.036757	0.711473	67	0.253731	0.051000	0.076699	
100	0.280000	18	0.000000	882	0.041950	0.711857	100	0.280000	0.065000	0.076676	
84	0.369048	13	0.153846	903	0.063123	0.710893	84	0.369048	0.090000	0.076702	
101	0.326733	11	0.000000	888	0.059685	0.710333	101	0.326733	0.086000	0.076720	
114	0.307018	19	0.000000	867	0.048443	0.711314	114	0.307018	0.077000	0.076720	
84	0.321429	10	0.000000	906	0.055188	0.711960	84	0.321429	0.077000	0.076721	
107	0.280374	10	0.000000	883	0.049830	0.712826	107	0.280374	0.074000	0.076716	
102	0.196078	11	0.000000	887	0.046223	0.711852	102	0.196078	0.061000	0.076686	
113	0.619469	15	0.000000	872	0.059633	0.498346	113	0.619469	0.122000	0.076772	
105	0.476190	15	0.000000	880	0.060227	0.505606	105	0.476190	0.103000	0.076822	
99	0.272727	9	0.000000	892	0.054933	0.772654	99	0.272727	0.076000	0.076821	
87	0.333333	14	0.000000	899	0.045606	0.712023	87	0.333333	0.070000	0.076808	
108	0.342593	22	0.000000	870	0.070115	0.711635	108	0.342593	0.098000	0.076848	
124	0.306452	31	0.000000	845	0.047337	0.712699	124	0.306452	0.078000	0.076850	
119	0.319328	16	0.000000	865	0.077457	0.713068	119	0.319328	0.105000	0.076903	
65	0.384615	21	0.000000	914	0.047046	0.713518	65	0.384615	0.068000	0.076887	
105	0.266667	24	0.000000	871	0.058553	0.713894	105	0.266667	0.079000	0.076891	
71	0.394366	29	0.000000	900	0.044444	0.713512	71	0.394366	0.068000	0.076874	
71	0.323944	13	0.000000	916	0.060044	0.713287	71	0.323944	0.078000	0.076876	
98	0.326531	20	0.000000	882	0.043084	0.714522	98	0.326531	0.070000	0.076863	
117	0.324786	16	0.000000	867	0.051903	0.715401	117	0.324786	0.083000	0.076875	
99	0.262626	9	0.000000	892	0.058296	0.715245	99	0.262626	0.078000	0.076877	
108	0.305556	16	0.000000	876	0.051370	0.714967	108	0.305556	0.078000	0.076879	
88	0.204545	16	0.000000	896	0.027902	0.714694	88	0.204545	0.043000	0.076816	
95	0.273684	10	0.000000	895	0.059218	0.713784	95	0.273684	0.079000	0.076820	
131	0.213740	18	0.000000	851	0.072855	0.713733	131	0.213740	0.090000	0.076844	
129	0.147287	17	0.000000	854	0.056206	0.712929	129	0.147287	0.067000	0.076826	
97	0.515464	22	0.000000	881	0.087401	0.461026	97	0.515464	0.127000	0.076919	
101	0.306931	13	0.000000	886	0.058691	0.844234	101	0.306931	0.083000	0.076930	
144	0.354167	26	0.000000	830	0.063855	0.714257	144	0.354167	0.104000	0.076980	
107	0.289720	8	0.000000	885	0.062147	0.712378	107	0.289720	0.086000	0.076996	
102	0.264706	25	0.080000	873	0.048110	0.712294	102	0.264706	0.071000	0.076985	
115	0.286957	19	0.000000	866	0.056582	0.713041	115	0.286957	0.082000	0.076994	
84	0.190476	9	0.000000	907	0.058434	0.713309	84	0.190476	0.069000	0.076980	
99	0.474747	10	0.000000	891	0.065095	0.497019	99	0.474747	0.105000	0.077031	
72	0.402778	23	0.000000	905	0.050829	0.656481	72	0.402778	0.075000	0.077027	
79	0.063291	10	0.000000	911	0.050494	1.070977	79	0.063291	0.051000	0.076980	
117	0.179487	40	0.000000	843	0.072361	0.822512	117	0.179487	0.082000	0.076989	
131	0.229008	15	0.000000	854	0.071429	0.799393	131	0.229008	0.091000	0.077014	
103	0.252427	23	0.000000	874	0.060641	0.713295	103	0.252427	0.079000	0.077018	
115	0.234783	28	0.000000	857	0.065344	0.713264	115	0.234783	0.083000	0.077029	
119	0.226891	17	0.000000	864	0.060185	0.713563	119	0.226891	0.079000	0.077032	
104	0.259615	16	0.062500	880	0.061364	0.713233	104	0.259615	0.082000	0.077041	
39	0.179487	15	0.066667	946	0.065539	0.710504	39	0.179487	0.070000	0.077029	
78	0.512821	10	0.000000	912	0.058114	0.402617	78	0.512821	0.093000	0.077057	
104	0.509615	10	0.000000	886	0.047404	0.471418	104	0.509615	0.095000	0.077089	
102	0.245098	8	0.000000	890	0.044944	0.869580	102	0.245098	0.065000	0.077068	
80	0.312500	20	0.000000	900	0.043333	0.707998	80	0.312500	0.064000	0.077044	
93	0.279570	10	0.000000	897	0.054627	0.708245	93	0.279570	0.075000	0.077041	
94	0.319149	13	0.000000	893	0.055991	0.708163	94	0.319149	0.080000	0.077046	
106	0.254717	8	0.000000	886	0.057562	0.705786	106	0.254717	0.078000	0.077048	
145	0.275862	25	0.000000	830	0.060241	0.704163	145	0.275862	0.090000	0.077071	
92	0.239130	11	0.000000	897	0.042363	0.703076	92	0.239130	0.060000	0.077040	
89	0.325843	14	0.000000	897	0.045708	0.703038	89	0.325843	0.070000	0.077028	
93	0.311828	13	0.000000	894	0.039150	0.702866	93	0.311828	0.064000	0.077005	
102	0.323529	10	0.000000	888	0.068694	0.702717	102	0.323529	0.094000	0.077035	
93	0.354839	20	0.000000	887	0.068771	0.703123	93	0.354839	0.094000	0.077065	
88	0.272727	21	0.000000	891	0.058361	0.704148	88	0.272727	0.076000	0.077063	
77	0.259740	10	0.000000	913	0.032859	0.703415	77	0.259740	0.050000	0.077016	
91	0.241758	12	0.000000	897	0.056856	0.701496	91	0.241758	0.073000	0.077009	
111	0.315315	26	0.000000	863	0.066049	0.702028	111	0.315315	0.092000	0.077035	
104	0.326923	14	0.000000	882	0.064626	0.700526	104	0.326923	0.091000	0.077059	
59	0.355932	6	0.000000	935	0.048128	0.700054	59	0.355932	0.066000	0.077040	
80	0.400000	10	0.000000	910	0.045055	0.700533	80	0.400000	0.073000	0.077033	
83	0.409639	16	0.000000	901	0.056604	0.701475	83	0.409639	0.085000	0.077046	
78	0.051282	5	0.000000	917	0.065431	1.261634	78	0.051282	0.064000	0.077024	
88	0.079545	18	0.000000	894	0.036913	1.121982	88	0.079545	0.040000	0.076960	
69	0.391304	13	0.000000	918	0.059913	0.717715	69	0.391304	0.082000	0.076969	
61	0.262295	12	0.000000	927	0.037756	0.707538	61	0.262295	0.051000	0.076924	
101	0.346535	19	0.000000	880	0.068182	0.708015	101	0.346535	0.095000	0.076955	
74	0.229730	14	0.000000	912	0.067982	0.708221	74	0.229730	0.079000	0.076959	
81	0.432099	9	0.000000	910	0.057143	0.707667	81	0.432099	0.087000	0.076976	
75	0.000000	17	0.000000	908	0.064978	1.280447	75	0.000000	0.059000	0.076945	
88	0.250000	11	0.000000	901	0.043285	0.692445	88	0.250000	0.061000	0.076918	
66	0.242424	15	0.000000	919	0.066376	0.710328	66	0.242424	0.077000	0.076918	
132	0.257576	15	0.000000	853	0.093787	0.710660	132	0.257576	0.114000	0.076981	
109	0.275229	21	0.000000	870	0.047126	0.710459	109	0.275229	0.071000	0.076971	
97	0.247423	23	0.000000	880	0.070455	0.711350	97	0.247423	0.086000	0.076986	
97	0.288660	21	0.000000	882	0.066893	0.711863	97	0.288660	0.087000	0.077003	
97	0.268041	20	0.000000	883	0.050963	0.711351	97	0.268041	0.071000	0.076993	
85	0.376471	16	0.000000	899	0.044494	0.711482	85	0.376471	0.072000	0.076985	
111	0.279279	14	0.000000	875	0.046857	0.711874	111	0.279279	0.072000	0.076976	
139	0.251799	10	0.000000	851	0.071680	0.711497	139	0.251799	0.096000	0.077008	
97	0.309278	13	0.000000	890	0.057303	0.711800	97	0.309278	0.081000	0.077015	
84	0.273810	12	0.166667	904	0.068584	0.711118	84	0.273810	0.087000	0.077032	
115	0.304348	10	0.000000	875	0.057143	0.709994	115	0.304348	0.085000	0.077045	
80	0.287500	14	0.000000	906	0.072848	0.709472	80	0.287500	0.089000	0.077065	
120	0.241667	25	0.000000	855	0.091228	0.710078	120	0.241667	0.107000	0.077114	
87	0.275862	10	0.000000	903	0.057586	0.709084	87	0.275862	0.076000	0.077113	
122	0.204918	15	0.000000	863	0.073001	0.709665	122	0.204918	0.088000	0.077131	
93	0.354839	18	0.000000	889	0.051744	0.709473	93	0.354839	0.079000	0.077134	
133	0.195489	20	0.000000	847	0.057851	0.710135	133	0.195489	0.075000	0.077130	
44	0.454545	23	0.043478	933	0.064309	0.485607	44	0.454545	0.081000	0.077137	
31	0.225806	0.0	0	969	0.063983	0.887718	31	0.225806	0.069000	0.077123	
20	0.250000	3	0.000000	977	0.063460	0.709984	20	0.250000	0.067000	0.077107	
34	0.294118	22	0.000000	944	0.070975	0.709673	34	0.294118	0.077000	0.077106	
21	0.142857	28	0.000000	951	0.069401	0.709306	21	0.142857	0.069000	0.077093	
27	0.555556	1	0.000000	972	0.075103	0.561835	27	0.555556	0.088000	0.077111	
16	0.187500	2	0.000000	982	0.062118	0.690971	16	0.187500	0.064000	0.077090	
20	0.350000	7	0.000000	973	0.071942	0.556153	20	0.350000	0.077000	0.077089	
26	0.346154	13	0.000000	961	0.074922	0.707294	26	0.346154	0.081000	0.077096	
17	0.294118	13	0.000000	970	0.055670	0.707913	17	0.294118	0.059000	0.077066	
29	0.379310	22	0.000000	949	0.064278	0.708075	29	0.379310	0.072000	0.077058	
22	0.318182	4	0.000000	974	0.059548	0.709466	22	0.318182	0.065000	0.077039	
20	0.100000	4	0.000000	976	0.046107	0.710033	20	0.100000	0.047000	0.076990	
15	0.400000	4	0.000000	981	0.061162	0.705508	15	0.400000	0.066000	0.076972	
28	0.428571	13	0.000000	959	0.071950	0.709387	28	0.428571	0.081000	0.076979	
11	0.000000	29	0.000000	960	0.041667	1.350091	11	0.000000	0.040000	0.076919	
10	0.000000	34	0.000000	956	0.054393	1.241954	10	0.000000	0.052000	0.076879	
17	0.352941	5	0.000000	978	0.052147	0.635448	17	0.352941	0.057000	0.076848	
12	0.166667	15	0.000000	973	0.039054	0.713029	12	0.166667	0.040000	0.076789	
23	0.391304	5	0.000000	972	0.050412	0.674424	23	0.391304	0.058000	0.076759	
15	0.266667	12	0.000000	973	0.047276	0.712830	15	0.266667	0.050000	0.076716	
33	0.181818	5	0.000000	962	0.057173	0.713074	33	0.181818	0.061000	0.076691	
25	0.480000	14	0.000000	961	0.086368	0.471953	25	0.480000	0.095000	0.076720	
33	0.575758	6	0.000000	961	0.072841	0.473632	33	0.575758	0.089000	0.076740	
23	0.391304	6	0.000000	971	0.052523	0.563363	23	0.391304	0.060000	0.076713	
17	0.352941	4	0.000000	979	0.059244	0.712463	17	0.352941	0.064000	0.076693	
22	0.227273	3	0.000000	975	0.072821	0.713185	22	0.227273	0.076000	0.076692	
11	0.181818	0.0	0	989	0.058645	0.713409	11	0.181818	0.060000	0.076665	
10	0.200000	3	0.000000	987	0.053698	0.700485	10	0.200000	0.055000	0.076631	
25	0.320000	3	0.000000	972	0.041152	0.711630	25	0.320000	0.048000	0.076586	
27	0.185185	5	0.000000	968	0.052686	0.711699	27	0.185185	0.056000	0.076554	
25	0.400000	9	0.000000	966	0.053830	0.483964	25	0.400000	0.062000	0.076531	
21	0.285714	11	0.000000	968	0.067149	0.709238	21	0.285714	0.071000	0.076523	
12	0.000000	3	0.000000	985	0.067005	0.708995	12	0.000000	0.066000	0.076506	
27	0.518519	5	0.000000	968	0.066116	0.405605	27	0.518519	0.078000	0.076508	
21	0.428571	6	0.000000	973	0.047276	0.464144	21	0.428571	0.055000	0.076475	
29	0.482759	3	0.000000	968	0.079545	0.535674	29	0.482759	0.091000	0.076498	
19	0.157895	2	0.000000	979	0.050051	0.992177	19	0.157895	0.052000	0.076460	
13	0.076923	27	0.000000	960	0.055208	0.742768	13	0.076923	0.054000	0.076425	
11	0.181818	9	0.000000	980	0.061224	0.560694	11	0.181818	0.062000	0.076402	
8	0.375000	0.0	0	992	0.046371	0.500272	8	0.375000	0.049000	0.076360	
11	0.363636	15	0.000000	974	0.047228	0.500272	19	0.368421	0.050000	0.076319	
30	0.366667	3	0.000000	967	0.095140	0.702375	30	0.366667	0.103000	0.076360	
27	0.259259	4	0.000000	969	0.063983	0.702648	27	0.259259	0.069000	0.076349	
25	0.440000	6	0.000000	969	0.063983	0.702420	25	0.440000	0.073000	0.076344	
15	0.333333	1	0.000000	984	0.040650	0.739994	15	0.333333	0.045000	0.076296	
11	0.636364	6	0.000000	983	0.043744	0.703839	11	0.636364	0.050000	0.076256	
22	0.227273	2	0.000000	976	0.062500	1.108281	22	0.227273	0.066000	0.076240	
24	0.458333	12	0.000000	964	0.043568	0.709270	24	0.458333	0.053000	0.076204	
33	0.090909	6	0.000000	961	0.067638	1.262670	33	0.090909	0.068000	0.076192	
13	0.384615	4	0.000000	983	0.073245	0.773879	13	0.384615	0.077000	0.076193	
6	0.500000	2	0.000000	992	0.059476	0.713511	6	0.500000	0.062000	0.076172	
17	0.352941	5	0.000000	978	0.074642	0.713511	23	0.391304	0.079000	0.076176	
27	0.222222	2	0.000000	971	0.076210	0.714058	27	0.222222	0.080000	0.076182	
11	0.090909	0.0	0	989	0.067745	0.712902	11	0.090909	0.068000	0.076169	
2	0.500000	2	0.000000	996	0.044177	0.574660	2	0.500000	0.045000	0.076122	
3	1.000000	1	0.000000	996	0.042169	0.574660	5	0.800000	0.045000	0.076075	
4	0.750000	0.0	0	996	0.043173	0.574660	9	0.777778	0.046000	0.076030	
5	0.400000	0.0	0	995	0.037186	0.574660	14	0.642857	0.039000	0.075974	
3	0.000000	1	0.000000	996	0.035141	0.605724	3	0.000000	0.035000	0.075913	
3	0.000000	1	0.000000	996	0.047189	0.605724	6	0.000000	0.047000	0.075869	
15	0.533333	2	0.000000	983	0.066124	0.605724	21	0.380952	0.073000	0.075865	
18	0.277778	0.0	0	982	0.065173	0.712225	18	0.277778	0.069000	0.075855	
9	0.222222	1	0.000000	990	0.065657	0.711876	9	0.222222	0.067000	0.075842	
1	0.000000	0.0	0	999	0.065065	0.711876	10	0.200000	0.065000	0.075826	
12	0.166667	1	0.000000	987	0.045593	0.711038	12	0.166667	0.047000	0.075783	
19	0.526316	10	0.000000	971	0.044284	0.375704	19	0.526316	0.053000	0.075749	
35	0.371429	2	0.000000	963	0.064382	0.566168	35	0.371429	0.075000	0.075748	
18	0.222222	0.0	0	982	0.045825	0.709046	18	0.222222	0.049000	0.075708	
12	0.500000	2	0.000000	986	0.056795	0.708672	12	0.500000	0.062000	0.075688	
14	0.000000	2	0.000000	984	0.067073	1.218346	14	0.000000	0.066000	0.075673	
24	0.250000	10	0.000000	966	0.049689	0.882409	24	0.250000	0.054000	0.075641	
13	0.384615	1	0.000000	986	0.053753	0.714806	13	0.384615	0.058000	0.075615	
26	0.153846	7	0.000000	967	0.069286	0.714359	26	0.153846	0.071000	0.075609	
30	0.266667	16	0.000000	954	0.079665	0.488081	30	0.266667	0.084000	0.075621	
28	0.321429	19	0.000000	953	0.070304	0.711135	28	0.321429	0.076000	0.075622	
20	0.200000	7	0.000000	973	0.043165	0.711518	20	0.200000	0.046000	0.075578	
14	0.428571	28	0.000000	958	0.061587	0.710939	14	0.428571	0.065000	0.075563	
47	0.021277	9	0.000000	944	0.102754	1.239113	47	0.021277	0.098000	0.075596	
34	0.147059	4	0.000000	962	0.073805	1.087855	34	0.147059	0.076000	0.075596	
14	0.285714	2	0.000000	984	0.049797	0.831344	14	0.285714	0.053000	0.075563	
17	0.176471	14	0.000000	969	0.052632	0.716164	17	0.176471	0.054000	0.075532	
7	0.428571	0.0	0	993	0.044310	0.648035	7	0.428571	0.047000	0.075490	
14	0.142857	7	0.000000	979	0.050051	0.648035	21	0.238095	0.051000	0.075455	
15	0.200000	15	0.000000	970	0.043299	0.714300	15	0.200000	0.045000	0.075411	
22	0.181818	1	0.000000	977	0.053224	0.713973	22	0.181818	0.056000	0.075383	
20	0.500000	28	0.000000	952	0.076681	0.359567	20	0.500000	0.083000	0.075394	
21	0.523810	8	0.000000	971	0.061792	0.569805	21	0.523810	0.071000	0.075387	
10	0.200000	2	0.000000	988	0.042510	0.692300	10	0.200000	0.044000	0.075342	
25	0.280000	6	0.000000	969	0.056760	0.713421	25	0.280000	0.062000	0.075323	
26	0.076923	3	0.000000	971	0.069001	0.714311	26	0.076923	0.069000	0.075314	
21	0.619048	1	0.000000	978	0.032720	0.467206	21	0.619048	0.045000	0.075271	
14	0.142857	0.0	0	986	0.035497	0.911886	14	0.142857	0.037000	0.075216	
23	0.521739	0.0	0	977	0.035824	0.492493	23	0.521739	0.047000	0.075176	
37	0.189189	2	0.000000	961	0.058273	0.842356	37	0.189189	0.063000	0.075158	
12	0.166667	3	0.000000	985	0.050761	0.748914	12	0.166667	0.052000	0.075125	
28	0.392857	6	0.000000	966	0.063147	0.538566	28	0.392857	0.072000	0.075121	
33	0.212121	2	0.000000	965	0.065285	0.712686	33	0.212121	0.070000	0.075114	
14	0.285714	1	0.000000	985	0.048731	0.712589	14	0.285714	0.052000	0.075081	
12	0.250000	2	0.000000	986	0.049696	0.712387	12	0.250000	0.052000	0.075048	
3	0.000000	1	0.000000	996	0.028112	0.712047	3	0.000000	0.028000	0.074982	
20	0.350000	3	0.000000	977	0.039918	0.712047	23	0.304348	0.046000	0.074941	
22	0.363636	2	0.000000	976	0.063525	0.711987	22	0.363636	0.070000	0.074934	
23	0.260870	4	0.000000	973	0.065776	0.712124	23	0.260870	0.070000	0.074927	
10	0.200000	3	0.000000	987	0.053698	0.712108	10	0.200000	0.055000	0.074899	
50	0.260000	9	0.000000	941	0.058448	0.711801	50	0.260000	0.068000	0.074889	
33	0.060606	5	0.000000	962	0.076923	0.711996	33	0.060606	0.076000	0.074890	
20	0.050000	2	0.000000	978	0.075665	0.658436	20	0.050000	0.075000	0.074891	
11	0.454545	1	0.000000	988	0.040486	0.522481	11	0.454545	0.045000	0.074849	
17	0.294118	0.0	0	983	0.046796	0.836649	17	0.294118	0.051000	0.074816	
44	0.272727	12	0.000000	944	0.069915	0.708328	44	0.272727	0.078000	0.074820	
27	0.074074	2	0.000000	971	0.056643	0.707416	27	0.074074	0.057000	0.074795	
20	0.450000	12	0.166667	968	0.078512	0.620748	20	0.450000	0.087000	0.074812	
24	0.125000	3	0.000000	973	0.080164	0.832230	24	0.125000	0.081000	0.074821	
11	0.272727	1	0.000000	988	0.049595	0.523415	11	0.272727	0.052000	0.074789	
7	0.285714	1	0.000000	992	0.096774	0.700623	7	0.285714	0.098000	0.074821	
79	0.405063	19	0.157895	902	0.059867	0.700623	86	0.395349	0.089000	0.074841	
63	0.301587	8	0.000000	929	0.051668	0.700894	63	0.301587	0.067000	0.074830	
127	0.212598	20	0.000000	853	0.046893	0.701254	127	0.212598	0.067000	0.074819	
107	0.252336	6	0.000000	887	0.046223	0.699805	107	0.252336	0.068000	0.074810	
92	0.304348	16	0.125000	892	0.067265	0.697421	92	0.304348	0.090000	0.074831	
109	0.256881	16	0.000000	875	0.054857	0.697762	109	0.256881	0.076000	0.074832	
157	0.312102	23	0.000000	820	0.085366	0.697745	157	0.312102	0.119000	0.074893	
80	0.437500	9	0.000000	911	0.054885	0.697955	80	0.437500	0.085000	0.074907	
82	0.304878	10	0.000000	908	0.067181	0.863865	82	0.304878	0.086000	0.074922	
103	0.300971	18	0.000000	879	0.058020	0.700394	103	0.300971	0.082000	0.074932	
88	0.227273	8	0.000000	904	0.061947	0.700374	88	0.227273	0.076000	0.074933	
48	0.354167	12	0.083333	940	0.060638	0.700072	48	0.354167	0.075000	0.074933	
35	0.171429	5	0.000000	960	0.048958	0.699839	35	0.171429	0.053000	0.074903	
31	0.290323	2	0.000000	967	0.077559	0.507889	31	0.290323	0.084000	0.074916	
18	0.166667	3	0.000000	979	0.053115	0.697811	18	0.166667	0.055000	0.074889	
14	0.428571	1	0.000000	985	0.053807	0.402642	14	0.428571	0.059000	0.074867	
20	0.350000	13	0.000000	967	0.051706	0.620417	20	0.350000	0.057000	0.074843	
13	0.153846	0.0	0	987	0.044580	0.694814	13	0.153846	0.046000	0.074804	
27	0.370370	1	0.000000	972	0.054527	0.627854	27	0.370370	0.063000	0.074788	
24	0.250000	5	0.000000	971	0.053553	0.694089	24	0.250000	0.058000	0.074765	
17	0.235294	0.0	0	983	0.035605	0.693831	17	0.235294	0.039000	0.074717	
10	0.000000	4	0.000000	986	0.056795	0.693870	10	0.000000	0.056000	0.074692	
17	0.294118	6	0.000000	977	0.062436	0.606511	17	0.294118	0.066000	0.074680	
48	0.416667	5	0.000000	947	0.082365	0.691784	48	0.416667	0.098000	0.074712	
20	0.250000	5	0.000000	975	0.056410	1.024415	20	0.250000	0.060000	0.074692	
28	0.285714	0.0	0	972	0.072016	0.694535	28	0.285714	0.078000	0.074696	
12	0.250000	2	0.000000	986	0.070994	0.694604	12	0.250000	0.073000	0.074694	
21	0.238095	3	0.000000	976	0.046107	0.694253	21	0.238095	0.050000	0.074661	
44	0.272727	23	0.000000	933	0.066452	0.694590	44	0.272727	0.074000	0.074660	
42	0.142857	9	0.000000	949	0.082192	0.693995	42	0.142857	0.084000	0.074673	
27	0.333333	6	0.000000	967	0.045502	0.398859	27	0.333333	0.053000	0.074644	
12	0.333333	1	0.000000	987	0.053698	0.692458	12	0.333333	0.057000	0.074621	
8	0.125000	0.0	0	992	0.029234	0.692259	8	0.125000	0.030000	0.074561	
17	0.470588	4	0.250000	979	0.034729	0.692259	25	0.360000	0.043000	0.074520	
69	0.217391	16	0.000000	915	0.054645	0.692521	69	0.217391	0.065000	0.074507	
67	0.164179	5	0.000000	928	0.061422	0.691485	67	0.164179	0.068000	0.074499	
101	0.326733	26	0.000000	873	0.073310	0.493977	101	0.326733	0.097000	0.074528	
92	0.217391	14	0.000000	894	0.052573	0.689918	92	0.217391	0.067000	0.074518	
84	0.107143	9	0.000000	907	0.079383	0.688727	84	0.107143	0.081000	0.074527	
106	0.188679	12	0.000000	882	0.080499	0.683229	106	0.188679	0.091000	0.074548	
76	0.368421	24	0.000000	900	0.051111	0.657658	76	0.368421	0.074000	0.074548	
100	0.120000	19	0.000000	881	0.057889	0.681855	100	0.120000	0.063000	0.074533	
86	0.511628	18	0.000000	896	0.058036	0.342723	86	0.511628	0.096000	0.074561	
97	0.268041	21	0.000000	882	0.071429	0.606325	97	0.268041	0.089000	0.074580	
95	0.210526	19	0.000000	886	0.068849	0.678463	95	0.210526	0.081000	0.074588	
55	0.181818	14	0.000000	931	0.052632	0.677950	55	0.181818	0.059000	0.074568	
73	0.342466	30	0.000000	897	0.080268	0.542904	73	0.342466	0.097000	0.074597	
109	0.192661	32	0.000000	859	0.041909	0.677678	109	0.192661	0.057000	0.074574	
88	0.375000	28	0.000000	884	0.069005	0.580024	88	0.375000	0.094000	0.074599	
76	0.157895	15	0.000000	909	0.084708	0.677630	76	0.157895	0.089000	0.074618	
110	0.536364	28	0.000000	862	0.054524	0.381417	110	0.536364	0.106000	0.074658	
94	0.234043	38	0.000000	868	0.066820	0.746450	94	0.234043	0.080000	0.074665	
99	0.191919	23	0.000000	878	0.035308	0.675483	99	0.191919	0.050000	0.074633	
100	0.290000	22	0.000000	878	0.047836	0.570411	100	0.290000	0.071000	0.074629	
69	0.202899	24	0.000000	907	0.050717	0.673995	69	0.202899	0.060000	0.074610	
76	0.118421	24	0.000000	900	0.055556	0.673800	76	0.118421	0.059000	0.074590	
98	0.244898	30	0.000000	872	0.077982	0.628347	98	0.244898	0.092000	0.074612	
67	0.179104	10	0.000000	923	0.040087	0.673424	67	0.179104	0.049000	0.074579	
118	0.406780	29	0.000000	853	0.032825	0.536523	118	0.406780	0.076000	0.074581	
91	0.329670	18	0.000000	891	0.060606	0.568515	91	0.329670	0.084000	0.074593	
74	0.283784	7	0.000000	919	0.048966	0.674879	74	0.283784	0.066000	0.074582	
101	0.227723	24	0.000000	875	0.059429	0.675081	101	0.227723	0.075000	0.074583	
91	0.241758	22	0.000000	887	0.083427	0.673269	91	0.241758	0.096000	0.074610	
98	0.306122	29	0.000000	873	0.063001	0.673367	98	0.306122	0.085000	0.074623	
76	0.210526	5	0.000000	919	0.035909	0.674645	76	0.210526	0.049000	0.074591	
92	0.217391	11	0.000000	897	0.075808	0.675432	92	0.217391	0.088000	0.074608	
97	0.257732	11	0.000000	892	0.049327	0.674483	97	0.257732	0.069000	0.074601	
83	0.204819	22	0.000000	895	0.044693	0.674262	83	0.204819	0.057000	0.074578	
96	0.250000	14	0.000000	890	0.059551	0.672747	96	0.250000	0.077000	0.074581	
93	0.268817	18	0.000000	889	0.053993	0.671765	93	0.268817	0.073000	0.074579	
75	0.213333	28	0.000000	897	0.046823	0.668407	75	0.213333	0.058000	0.074559	
103	0.281553	26	0.000000	871	0.058553	0.665212	103	0.281553	0.080000	0.074565	
64	0.140625	9	0.000000	927	0.059331	0.663511	64	0.140625	0.064000	0.074552	
82	0.170732	10	0.000000	908	0.050661	0.615744	82	0.170732	0.060000	0.074534	
77	0.233766	10	0.000000	913	0.053669	0.511114	77	0.233766	0.067000	0.074524	
86	0.290698	26	0.000000	888	0.057432	0.655808	86	0.290698	0.076000	0.074526	
95	0.189474	9	0.000000	896	0.058036	0.655689	95	0.189474	0.070000	0.074521	
86	0.406977	8	0.000000	906	0.068433	0.514718	86	0.406977	0.097000	0.074549	
106	0.311321	22	0.045455	872	0.059633	0.536861	106	0.311321	0.086000	0.074563	
102	0.156863	22	0.000000	876	0.079909	0.651738	102	0.156863	0.086000	0.074577	
140	0.342857	34	0.029412	826	0.084746	0.443362	140	0.342857	0.119000	0.074633	
111	0.216216	21	0.000000	868	0.059908	0.649188	111	0.216216	0.076000	0.074634	
83	0.228916	8	0.000000	909	0.055006	0.648964	83	0.228916	0.069000	0.074627	
85	0.164706	21	0.000000	894	0.081655	0.650319	85	0.164706	0.087000	0.074643	
82	0.146341	13	0.000000	905	0.081768	0.614668	82	0.146341	0.086000	0.074657	
99	0.373737	26	0.000000	875	0.092571	0.368974	99	0.373737	0.118000	0.074710	
102	0.264706	16	0.000000	882	0.065760	0.644452	102	0.264706	0.085000	0.074723	
101	0.306931	14	0.142857	885	0.068927	0.643779	101	0.306931	0.094000	0.074747	
64	0.375000	9	0.000000	927	0.031284	0.642255	64	0.375000	0.053000	0.074720	
57	0.263158	18	0.000000	925	0.045405	0.641398	57	0.263158	0.057000	0.074698	
43	0.279070	11	0.000000	946	0.030655	0.641306	43	0.279070	0.041000	0.074657	
67	0.223881	8	0.000000	925	0.051892	0.642570	67	0.223881	0.063000	0.074642	
39	0.333333	5	0.000000	956	0.036611	0.641496	39	0.333333	0.048000	0.074610	
60	0.200000	6	0.166667	934	0.079229	0.641635	60	0.200000	0.087000	0.074625	
51	0.254902	5	0.000000	944	0.050847	0.639469	51	0.254902	0.061000	0.074608	
83	0.385542	9	0.222222	908	0.062775	0.638545	83	0.385542	0.091000	0.074628	
63	0.365079	22	0.000000	915	0.055738	0.637241	63	0.365079	0.074000	0.074628	
70	0.128571	7	0.000000	923	0.057421	0.636041	70	0.128571	0.062000	0.074612	
55	0.327273	20	0.000000	925	0.049730	0.488738	55	0.327273	0.064000	0.074599	
63	0.253968	13	0.000000	924	0.068182	0.634456	63	0.253968	0.079000	0.074605	
54	0.111111	7	0.000000	939	0.052183	0.634100	54	0.111111	0.055000	0.074581	
127	0.503937	29	0.000000	844	0.080569	0.366085	127	0.503937	0.132000	0.074650	
70	0.342857	16	0.000000	914	0.068928	0.450036	70	0.342857	0.087000	0.074665	
94	0.255319	11	0.000000	895	0.058101	0.631405	94	0.255319	0.076000	0.074667	
46	0.347826	24	0.083333	930	0.040860	0.631174	46	0.347826	0.056000	0.074644	
35	0.428571	4	0.000000	961	0.055151	0.630832	35	0.428571	0.068000	0.074636	
57	0.035088	6	0.000000	937	0.052295	0.932196	57	0.035088	0.051000	0.074608	
35	0.314286	2	0.000000	963	0.052960	0.512568	35	0.314286	0.062000	0.074593	
20	0.200000	2	0.000000	978	0.046012	0.630067	20	0.200000	0.049000	0.074562	
57	0.315789	7	0.000000	936	0.038462	0.630064	57	0.315789	0.054000	0.074537	
86	0.279070	12	0.000000	902	0.090909	0.629268	86	0.279070	0.106000	0.074575	
59	0.220339	4	0.000000	937	0.071505	0.628922	59	0.220339	0.080000	0.074581	
50	0.260000	9	0.000000	941	0.032944	0.629160	50	0.260000	0.044000	0.074545	
53	0.301887	8	0.000000	939	0.054313	0.628758	53	0.301887	0.067000	0.074536	
43	0.279070	15	0.000000	942	0.066879	0.628120	43	0.279070	0.075000	0.074536	
63	0.317460	16	0.000000	921	0.043431	0.627596	63	0.317460	0.060000	0.074519	
55	0.345455	11	0.000000	934	0.054604	0.626902	55	0.345455	0.070000	0.074514	
42	0.285714	4	0.000000	954	0.062893	0.625881	42	0.285714	0.072000	0.074511	
70	0.328571	2	0.000000	928	0.061422	0.625309	70	0.328571	0.080000	0.074517	
53	0.226415	7	0.000000	940	0.046809	0.625237	53	0.226415	0.056000	0.074495	
52	0.230769	14	0.000000	934	0.059957	0.624479	52	0.230769	0.068000	0.074487	
39	0.282051	5	0.000000	956	0.057531	0.624308	39	0.282051	0.066000	0.074477	
43	0.186047	6	0.000000	951	0.062040	0.624396	43	0.186047	0.067000	0.074469	
74	0.270270	5	0.000000	921	0.059718	0.623538	74	0.270270	0.075000	0.074469	
55	0.327273	10	0.000000	935	0.077005	0.622398	55	0.327273	0.090000	0.074488	
68	0.205882	9	0.000000	923	0.062839	0.621965	68	0.205882	0.072000	0.074485	
34	0.147059	0.0	0	966	0.052795	0.621736	34	0.147059	0.056000	0.074463	
48	0.437500	7	0.000000	945	0.049735	0.335744	48	0.437500	0.068000	0.074455	
39	0.461538	6	0.000000	955	0.033508	0.446247	39	0.461538	0.050000	0.074426	
43	0.093023	43	0.000000	914	0.045952	0.847833	43	0.093023	0.046000	0.074393	
49	0.285714	18	0.000000	933	0.051447	0.798839	49	0.285714	0.062000	0.074379	
42	0.357143	8	0.000000	950	0.044211	0.616364	42	0.357143	0.057000	0.074358	
24	0.208333	3	0.000000	973	0.064748	0.616520	24	0.208333	0.068000	0.074351	
50	0.240000	4	0.000000	946	0.065539	0.615782	50	0.240000	0.074000	0.074350	
36	0.166667	8	0.000000	956	0.041841	0.614783	36	0.166667	0.046000	0.074317	
102	0.558824	27	0.000000	871	0.065442	0.362322	102	0.558824	0.114000	0.074364	
64	0.421875	24	0.000000	912	0.052632	0.409385	64	0.421875	0.075000	0.074364	
58	0.413793	16	0.000000	926	0.065875	0.490783	58	0.413793	0.085000	0.074377	
92	0.326087	25	0.000000	883	0.064553	0.523375	92	0.326087	0.087000	0.074391	
55	0.200000	10	0.000000	935	0.062032	0.603849	55	0.200000	0.069000	0.074385	
70	0.342857	13	0.000000	917	0.064340	0.603118	70	0.342857	0.083000	0.074395	
74	0.324324	21	0.000000	905	0.054144	0.602069	74	0.324324	0.073000	0.074393	
63	0.206349	6	0.000000	931	0.076262	0.602160	63	0.206349	0.084000	0.074405	
70	0.200000	12	0.000000	918	0.080610	0.602605	70	0.200000	0.088000	0.074420	
42	0.261905	21	0.000000	937	0.067236	0.602167	42	0.261905	0.074000	0.074420	
72	0.319444	9	0.000000	919	0.090316	0.603347	72	0.319444	0.106000	0.074456	
55	0.381818	7	0.000000	938	0.081023	0.602967	55	0.381818	0.097000	0.074482	
56	0.285714	19	0.000000	925	0.082162	0.603551	56	0.285714	0.092000	0.074502	
58	0.310345	4	0.000000	938	0.053305	0.602746	58	0.310345	0.068000	0.074495	
61	0.327869	5	0.200000	934	0.063169	0.602377	61	0.327869	0.080000	0.074501	
108	0.379630	12	0.000000	880	0.035227	0.602204	108	0.379630	0.072000	0.074498	
75	0.333333	4	0.000000	921	0.048860	0.602877	75	0.333333	0.070000	0.074493	
81	0.432099	9	0.000000	910	0.072527	0.603085	81	0.432099	0.101000	0.074523	
87	0.206897	14	0.000000	899	0.027809	0.951125	87	0.206897	0.043000	0.074487	
86	0.418605	9	0.000000	905	0.050829	0.601215	86	0.418605	0.082000	0.074496	
121	0.074380	19	0.052632	860	0.052326	1.165469	121	0.074380	0.055000	0.074474	
62	0.080645	19	0.000000	919	0.048966	1.118985	62	0.080645	0.050000	0.074446	
77	0.168831	15	0.133333	908	0.041850	0.816003	77	0.168831	0.053000	0.074422	
98	0.224490	8	0.000000	894	0.068233	0.760892	98	0.224490	0.083000	0.074431	
74	0.351351	10	0.000000	916	0.049127	0.604149	74	0.351351	0.071000	0.074427	
80	0.412500	9	0.111111	911	0.052689	0.606192	80	0.412500	0.082000	0.074436	
86	0.162791	31	0.000000	883	0.100793	1.084797	86	0.162791	0.103000	0.074468	
89	0.146067	7	0.000000	904	0.047566	0.968166	89	0.146067	0.056000	0.074447	
101	0.277228	27	0.000000	872	0.064220	0.623489	101	0.277228	0.084000	0.074458	
101	0.366337	26	0.000000	873	0.075601	0.607953	101	0.366337	0.103000	0.074490	
81	0.333333	8	0.000000	911	0.048299	0.609346	81	0.333333	0.071000	0.074486	
115	0.286957	15	0.000000	870	0.065517	0.609543	115	0.286957	0.090000	0.074504	
142	0.323944	43	0.023256	815	0.085890	0.609820	142	0.323944	0.117000	0.074552	
163	0.355828	30	0.000000	807	0.110285	0.610144	163	0.355828	0.147000	0.074633	
125	0.296000	15	0.200000	860	0.061628	0.609563	125	0.296000	0.093000	0.074654	
33	0.363636	14	0.000000	953	0.050367	0.609935	33	0.363636	0.060000	0.074637	
37	0.270270	2	0.000000	961	0.072841	0.611515	37	0.270270	0.080000	0.074643	
38	0.421053	8	0.000000	954	0.066038	0.611569	38	0.421053	0.079000	0.074648	
24	0.291667	2	0.000000	974	0.079055	0.664919	24	0.291667	0.084000	0.074658	
20	0.350000	7	0.000000	973	0.066804	0.613327	20	0.350000	0.072000	0.074655	
25	0.240000	33	0.000000	942	0.055202	0.614029	25	0.240000	0.058000	0.074637	
33	0.454545	14	0.000000	953	0.080797	0.613838	33	0.454545	0.092000	0.074656	
41	0.365854	5	0.000000	954	0.055556	0.811265	41	0.365854	0.068000	0.074649	
29	0.379310	8	0.000000	963	0.073728	0.617636	29	0.379310	0.082000	0.074657	
15	0.466667	4	0.000000	981	0.074414	0.618803	15	0.466667	0.080000	0.074663	
47	0.106383	7	0.142857	946	0.088795	1.042277	47	0.106383	0.090000	0.074680	
13	0.230769	2	0.000000	985	0.048731	0.645255	13	0.230769	0.051000	0.074654	
21	0.523810	14	0.000000	965	0.063212	0.621486	21	0.523810	0.072000	0.074651	
24	0.041667	20	0.000000	956	0.066946	1.209774	24	0.041667	0.065000	0.074640	
32	0.093750	1	0.000000	967	0.048604	0.995863	32	0.093750	0.050000	0.074613	
23	0.478261	14	0.000000	963	0.061267	0.578104	23	0.478261	0.070000	0.074608	
37	0.027027	29	0.000000	934	0.049251	1.131689	37	0.027027	0.047000	0.074577	
33	0.212121	3	0.000000	964	0.082988	0.945365	33	0.212121	0.087000	0.074591	
31	0.258065	5	0.000000	964	0.047718	0.631647	31	0.258065	0.054000	0.074569	
2	0.000000	19	0.315789	979	0.058223	0.631129	2	0.000000	0.063000	0.074556	
36	0.361111	11	0.181818	953	0.049318	0.631129	38	0.342105	0.062000	0.074542	
26	0.307692	3	0.000000	971	0.076210	0.631650	26	0.307692	0.082000	0.074550	
38	0.394737	7	0.000000	955	0.061780	0.631807	38	0.394737	0.074000	0.074550	
33	0.272727	7	0.000000	960	0.062500	0.632262	33	0.272727	0.069000	0.074544	
35	0.200000	23	0.000000	942	0.072187	0.632351	35	0.200000	0.075000	0.074544	
25	0.440000	8	0.000000	967	0.056877	0.631960	25	0.440000	0.066000	0.074535	
23	0.304348	2	0.000000	975	0.067692	0.817914	23	0.304348	0.073000	0.074533	
19	0.263158	4	0.000000	977	0.053224	0.635061	19	0.263158	0.057000	0.074514	
21	0.238095	16	0.000000	963	0.066459	0.634867	21	0.238095	0.069000	0.074508	
27	0.370370	19	0.000000	954	0.096436	0.634389	27	0.370370	0.102000	0.074538	
39	0.307692	16	0.000000	945	0.065608	0.635278	39	0.307692	0.074000	0.074537	
32	0.375000	0.0	0	968	0.074380	0.635234	32	0.375000	0.084000	0.074548	
39	0.307692	11	0.000000	950	0.072632	0.636588	39	0.307692	0.081000	0.074555	
25	0.160000	6	0.000000	969	0.075335	0.637596	25	0.160000	0.077000	0.074557	
39	0.461538	13	0.000000	948	0.067511	0.568138	39	0.461538	0.082000	0.074565	
33	0.090909	7	0.000000	960	0.048958	1.134546	33	0.090909	0.050000	0.074539	
23	0.086957	5	0.000000	972	0.077160	1.091132	23	0.086957	0.077000	0.074541	
36	0.166667	2	0.000000	962	0.059252	0.883799	36	0.166667	0.063000	0.074529	
25	0.440000	1	0.000000	974	0.041068	0.501110	25	0.440000	0.051000	0.074504	
24	0.125000	2	0.000000	974	0.061602	0.860794	24	0.125000	0.063000	0.074491	
13	0.384615	3	0.000000	984	0.063008	0.554801	13	0.384615	0.067000	0.074483	
30	0.366667	1	0.000000	969	0.094943	0.647311	30	0.366667	0.103000	0.074514	
28	0.214286	2	0.000000	970	0.048454	0.648410	28	0.214286	0.053000	0.074491	
27	0.370370	4	0.000000	969	0.056760	0.648705	27	0.370370	0.065000	0.074481	
26	0.269231	6	0.000000	968	0.076446	0.650616	26	0.269231	0.081000	0.074488	
29	0.344828	3	0.000000	968	0.054752	0.652106	29	0.344828	0.063000	0.074475	
28	0.357143	5	0.000000	967	0.072389	0.652822	28	0.357143	0.080000	0.074481	
35	0.285714	3	0.000000	962	0.066528	0.653326	35	0.285714	0.074000	0.074481	
30	0.266667	30	0.000000	940	0.097872	0.652653	30	0.266667	0.100000	0.074508	
35	0.400000	12	0.000000	953	0.052466	0.652765	35	0.400000	0.064000	0.074497	
18	0.444444	6	0.000000	976	0.058402	0.653905	18	0.444444	0.065000	0.074487	
20	0.200000	26	0.000000	954	0.061845	1.226920	20	0.200000	0.063000	0.074474	
24	0.416667	1	0.000000	975	0.057436	0.659097	24	0.416667	0.066000	0.074466	
21	0.190476	0.0	0	979	0.062308	0.792209	21	0.190476	0.065000	0.074456	
27	0.407407	6	0.500000	967	0.086867	0.443787	27	0.407407	0.098000	0.074480	
8	0.375000	0.0	0	992	0.058468	0.478753	8	0.375000	0.061000	0.074466	
10	0.200000	1	0.000000	989	0.061678	0.478753	18	0.277778	0.063000	0.074454	
6	0.333333	6	0.000000	988	0.077935	0.658260	6	0.333333	0.079000	0.074459	
8	0.250000	9	0.000000	983	0.064090	0.658260	14	0.285714	0.065000	0.074449	
7	0.000000	8	0.000000	985	0.062944	0.659558	7	0.000000	0.062000	0.074436	
7	0.000000	6	0.000000	987	0.060790	0.659558	14	0.000000	0.060000	0.074421	
7	0.428571	4	0.000000	989	0.068756	0.549802	7	0.428571	0.071000	0.074417	
8	0.500000	0.0	0	992	0.064516	0.549802	15	0.466667	0.068000	0.074410	
5	0.000000	0.0	0	995	0.074372	0.860164	5	0.000000	0.074000	0.074410	
4	0.250000	2	0.000000	994	0.061368	0.860164	9	0.111111	0.062000	0.074397	
7	0.428571	6	0.000000	987	0.063830	0.860164	16	0.250000	0.066000	0.074388	
5	0.600000	12	0.000000	983	0.059003	0.662491	5	0.600000	0.061000	0.074374	
4	0.000000	0.0	0	996	0.054217	0.662491	9	0.333333	0.054000	0.074353	
3	1.000000	1	0.000000	996	0.056225	0.662491	12	0.500000	0.059000	0.074337	
9	0.000000	0.0	0	991	0.061554	1.140357	9	0.000000	0.061000	0.074323	
7	0.000000	0.0	0	993	0.065458	1.140357	16	0.000000	0.065000	0.074314	
2	0.500000	0.0	0	998	0.054108	0.675499	2	0.500000	0.055000	0.074293	
4	0.000000	0.0	0	996	0.048193	0.675499	6	0.166667	0.048000	0.074266	
5	0.000000	0.0	0	995	0.056281	0.675499	11	0.090909	0.056000	0.074247	
9	0.444444	2	0.000000	989	0.045501	0.392169	9	0.444444	0.049000	0.074221	
8	0.500000	0.0	0	992	0.052419	0.392169	17	0.470588	0.056000	0.074202	
13	0.230769	0.0	0	987	0.047619	0.419201	13	0.230769	0.050000	0.074177	
9	0.333333	1	0.000000	990	0.045455	0.662600	9	0.333333	0.048000	0.074150	
4	1.000000	10	0.000000	986	0.050710	0.662600	13	0.538462	0.054000	0.074130	
8	0.125000	1	0.000000	991	0.053481	0.988632	8	0.125000	0.054000	0.074109	
7	0.142857	3	0.000000	990	0.052525	0.988632	15	0.133333	0.053000	0.074087	
7	0.428571	5	0.000000	988	0.060729	0.613243	7	0.428571	0.063000	0.074076	
6	0.333333	5	0.000000	989	0.042467	0.613243	13	0.384615	0.044000	0.074045	
0.0	0	0.0	0	1000	0.062000	0.668222	0	0.000000	0.062000	0.074033	
4	0.250000	0.0	0	996	0.057229	0.668222	4	0.250000	0.058000	0.074016	
5	0.400000	0.0	0	995	0.065327	0.668222	9	0.333333	0.067000	0.074009	
14	0.285714	5	0.000000	981	0.058104	0.668222	23	0.304348	0.061000	0.073996	
6	0.000000	17	0.000000	977	0.076766	0.668435	6	0.000000	0.075000	0.073997	
7	0.142857	3	0.000000	990	0.063636	0.668435	13	0.076923	0.064000	0.073987	
5	0.400000	1	0.000000	994	0.070423	0.477730	5	0.400000	0.072000	0.073985	
6	0.666667	0.0	0	994	0.055332	0.477730	11	0.545455	0.059000	0.073969	
9	0.222222	0.0	0	991	0.057518	0.634970	9	0.222222	0.059000	0.073954	
6	0.333333	0.0	0	994	0.063380	0.634970	15	0.266667	0.065000	0.073945	
6	0.000000	0.0	0	994	0.066398	0.668812	6	0.000000	0.066000	0.073937	
10	0.500000	9	0.000000	981	0.081549	0.668812	16	0.312500	0.085000	0.073948	
15	0.066667	16	0.000000	969	0.062951	0.669207	15	0.066667	0.062000	0.073936	
5	0.600000	0.0	0	995	0.071357	0.661672	5	0.600000	0.074000	0.073936	
8	0.625000	12	0.000000	980	0.080612	0.661672	13	0.615385	0.084000	0.073946	
5	0.400000	7	0.000000	988	0.084008	1.168207	5	0.400000	0.085000	0.073958	
5	0.200000	0.0	0	995	0.032161	1.168207	10	0.300000	0.033000	0.073916	
2	1.000000	0.0	0	998	0.065130	0.674841	2	1.000000	0.067000	0.073909	
9	0.333333	1	0.000000	990	0.069697	0.674841	11	0.454545	0.072000	0.073907	
6	0.166667	0.0	0	994	0.072435	0.702302	6	0.166667	0.073000	0.073906	
14	0.071429	6	0.000000	980	0.060204	0.702302	20	0.100000	0.060000	0.073892	
6	0.333333	3	0.000000	991	0.059536	0.526735	6	0.333333	0.061000	0.073880	
10	0.600000	0.0	0	990	0.052525	0.526735	16	0.500000	0.058000	0.073864	
16	0.187500	0.0	0	984	0.072154	0.868796	16	0.187500	0.074000	0.073864	
8	0.500000	5	0.000000	987	0.064843	0.529477	8	0.500000	0.068000	0.073858	
