Rate	71.43
Rev Jump	14.29
Prior Change	14.29
Rate Tried	% Accepted	Rev Jump Tried	% Accepted	Prior Change Tried	% Accepted	Rates - Dev	Rates - Tried	Rates - Accepted	Sample Ave Acceptance	Total Ave Acceptance	
714	0.362745	130	0.023077	156	0.967949	0.598309	714	0.362745	0.413000	0.336878	
660	0.346970	120	0.016667	220	0.954545	0.598309	660	0.346970	0.441000	0.345555	
665	0.398496	129	0.031008	206	0.941748	0.598309	665	0.398496	0.463000	0.354588	
727	0.370014	110	0.027273	163	0.987730	0.598309	727	0.370014	0.433000	0.360189	
759	0.330698	110	0.018182	131	0.946565	0.598309	759	0.330698	0.377000	0.361309	
723	0.356846	126	0.015873	151	0.894040	0.598309	723	0.356846	0.395000	0.363415	
716	0.353352	134	0.052239	150	0.906667	0.598309	716	0.353352	0.396000	0.365331	
728	0.324176	119	0.025210	153	0.823529	0.598309	728	0.324176	0.365000	0.365313	
742	0.323450	127	0.023622	131	0.854962	0.598309	742	0.323450	0.355000	0.364770	
711	0.355837	108	0.055556	181	0.906077	0.598309	711	0.355837	0.423000	0.367682	
734	0.350136	118	0.008475	148	0.858108	0.598309	734	0.350136	0.385000	0.368506	
723	0.347165	113	0.026549	164	0.914634	0.598309	723	0.347165	0.404000	0.370120	
666	0.364865	154	0.025974	180	0.900000	0.598309	666	0.364865	0.409000	0.371810	
736	0.377717	116	0.051724	148	0.925676	0.598309	736	0.377717	0.421000	0.373859	
693	0.378066	115	0.052174	192	0.916667	0.598309	693	0.378066	0.444000	0.376665	
741	0.352227	112	0.017857	147	0.897959	0.598309	741	0.352227	0.395000	0.377370	
742	0.367925	116	0.051724	142	0.901408	0.598309	742	0.367925	0.407000	0.378467	
743	0.360700	116	0.043103	141	0.879433	0.598309	743	0.360700	0.397000	0.379129	
744	0.411290	111	0.063063	145	0.944828	0.598309	744	0.411290	0.450000	0.381573	
707	0.134371	130	0.046154	163	0.877301	1.107762	707	0.134371	0.244000	0.376987	
697	0.327116	128	0.031250	175	0.874286	0.570688	697	0.327116	0.385000	0.377246	
732	0.379781	108	0.055556	160	0.912500	0.570688	732	0.379781	0.430000	0.378894	
583	0.332762	118	0.025424	299	0.953177	0.570688	583	0.332762	0.482000	0.382019	
659	0.388467	107	0.028037	234	0.914530	0.570688	659	0.388467	0.473000	0.384695	
575	0.372174	85	0.058824	340	0.835294	0.570688	575	0.372174	0.503000	0.388075	
612	0.364379	116	0.043103	272	0.863971	0.570688	612	0.364379	0.463000	0.390156	
626	0.365815	107	0.028037	267	0.898876	0.570688	626	0.365815	0.472000	0.392368	
644	0.321429	97	0.041237	259	0.938224	0.570688	644	0.321429	0.454000	0.393990	
577	0.348354	132	0.030303	291	0.934708	0.570688	577	0.348354	0.477000	0.396118	
610	0.314754	78	0.025641	312	0.945513	0.570688	610	0.314754	0.489000	0.398440	
647	0.327666	102	0.019608	251	0.932271	0.570688	647	0.327666	0.448000	0.399649	
690	0.317391	91	0.032967	219	0.872146	0.570688	690	0.317391	0.413000	0.399967	
678	0.351032	104	0.009615	218	0.935780	0.570688	678	0.351032	0.443000	0.400967	
701	0.332382	89	0.089888	210	0.885714	0.570688	701	0.332382	0.427000	0.401559	
731	0.341997	96	0.093750	173	0.884393	0.570688	731	0.341997	0.412000	0.401791	
724	0.360497	115	0.026087	161	0.881988	0.570688	724	0.360497	0.406000	0.401883	
665	0.335338	86	0.023256	249	0.851406	0.570688	665	0.335338	0.437000	0.402630	
695	0.323741	97	0.020619	208	0.903846	0.570688	695	0.323741	0.415000	0.402887	
700	0.317143	114	0.026316	186	0.940860	0.570688	700	0.317143	0.400000	0.402829	
731	0.324213	83	0.048193	186	0.897849	0.570688	731	0.324213	0.408000	0.402932	
703	0.331437	99	0.080808	198	0.929293	0.570688	703	0.331437	0.425000	0.403365	
721	0.320388	109	0.055046	170	0.923529	0.570688	721	0.320388	0.394000	0.403185	
695	0.336691	106	0.009434	199	0.859296	0.570688	695	0.336691	0.406000	0.403238	
650	0.376923	97	0.082474	253	0.909091	0.570688	650	0.376923	0.483000	0.404715	
651	0.304147	90	0.033333	259	0.880309	0.570688	651	0.304147	0.429000	0.405156	
590	0.306780	97	0.020619	313	0.936102	0.570688	590	0.306780	0.476000	0.406421	
510	0.286275	93	0.032258	397	0.904282	0.570688	510	0.286275	0.508000	0.408203	
542	0.250923	92	0.010870	366	0.852459	0.570688	542	0.250923	0.449000	0.408907	
645	0.358140	74	0.067568	281	0.854093	0.570688	645	0.358140	0.476000	0.410044	
701	0.342368	93	0.010753	206	0.941748	0.570688	701	0.342368	0.435000	0.410460	
658	0.355623	113	0.026549	229	0.973799	0.570688	658	0.355623	0.460000	0.411272	
617	0.374392	156	0.006410	227	0.916300	0.570688	617	0.374392	0.440000	0.411735	
634	0.339117	125	0.016000	241	0.941909	0.570688	634	0.339117	0.444000	0.412247	
712	0.346910	105	0.009524	183	0.907104	0.570688	712	0.346910	0.414000	0.412275	
702	0.334758	97	0.000000	201	0.960199	0.570688	702	0.334758	0.428000	0.412517	
705	0.364539	102	0.039216	193	0.963731	0.570688	705	0.364539	0.447000	0.413039	
633	0.342812	111	0.045045	256	0.949219	0.570688	633	0.342812	0.465000	0.413815	
619	0.379645	113	0.000000	268	0.944030	0.570688	619	0.379645	0.488000	0.414906	
656	0.381098	112	0.008929	232	0.887931	0.570688	656	0.381098	0.457000	0.415516	
613	0.324633	86	0.023256	301	0.897010	0.570688	613	0.324633	0.471000	0.416308	
614	0.315961	117	0.059829	269	0.910781	0.570688	614	0.315961	0.446000	0.416727	
748	0.409091	95	0.010526	157	0.828025	0.570688	748	0.409091	0.437000	0.417008	
736	0.283967	110	0.018182	154	0.902597	0.734272	736	0.283967	0.350000	0.416090	
704	0.271307	120	0.025000	176	0.926136	0.734272	704	0.271307	0.357000	0.415292	
590	0.228814	123	0.032520	287	0.916376	0.734272	590	0.228814	0.402000	0.415114	
523	0.185468	113	0.035398	364	0.747253	0.734272	523	0.185468	0.373000	0.414560	
600	0.460000	110	0.045455	290	0.948276	0.387955	600	0.460000	0.556000	0.416397	
634	0.466877	113	0.008850	253	0.944664	0.458321	634	0.466877	0.536000	0.417931	
622	0.313505	93	0.053763	285	0.933333	0.623371	622	0.313505	0.466000	0.418539	
726	0.303030	111	0.027027	163	0.785276	0.623371	726	0.303030	0.351000	0.417695	
725	0.358621	106	0.047170	169	0.739645	0.623371	725	0.358621	0.390000	0.417353	
672	0.291667	105	0.019048	223	0.847534	0.623371	672	0.291667	0.387000	0.416983	
662	0.335347	116	0.034483	222	0.869369	0.623371	662	0.335347	0.419000	0.417007	
687	0.263464	112	0.000000	201	0.865672	0.623371	687	0.263464	0.355000	0.416269	
721	0.291262	103	0.019417	176	0.920455	0.623371	721	0.291262	0.374000	0.415772	
705	0.319149	93	0.010753	202	0.910891	0.623371	705	0.319149	0.410000	0.415704	
625	0.308800	111	0.009009	264	0.901515	0.623371	625	0.308800	0.432000	0.415892	
606	0.316832	118	0.025424	276	0.927536	0.623371	606	0.316832	0.451000	0.416291	
550	0.158182	120	0.008333	330	0.887879	0.623371	550	0.158182	0.381000	0.415894	
562	0.362989	112	0.008929	326	0.904908	0.389904	562	0.362989	0.500000	0.416829	
609	0.509031	119	0.008403	272	0.886029	0.389904	609	0.509031	0.552000	0.418314	
610	0.367213	91	0.000000	299	0.859532	0.562533	610	0.367213	0.481000	0.418995	
555	0.360360	118	0.000000	327	0.862385	0.562533	555	0.360360	0.482000	0.419673	
522	0.306513	109	0.018349	369	0.940379	0.562533	522	0.306513	0.509000	0.420623	
504	0.194444	88	0.011364	408	0.938725	0.562533	504	0.194444	0.482000	0.421269	
530	0.356604	95	0.021053	375	0.909333	0.346216	530	0.356604	0.532000	0.422423	
517	0.326886	61	0.000000	422	0.872038	0.346216	517	0.326886	0.537000	0.423604	
528	0.352273	89	0.022472	383	0.890339	0.346216	528	0.352273	0.529000	0.424679	
548	0.611314	61	0.000000	391	0.956522	0.346216	548	0.611314	0.709000	0.427551	
526	0.484791	68	0.014706	406	0.967980	0.476147	526	0.484791	0.649000	0.429766	
495	0.438384	73	0.013699	432	0.956019	0.561352	495	0.438384	0.631000	0.431758	
483	0.358178	59	0.000000	458	0.927948	0.655238	483	0.358178	0.598000	0.433388	
487	0.332649	78	0.000000	435	0.942529	0.655238	487	0.332649	0.572000	0.434734	
477	0.335430	77	0.000000	446	0.948430	0.655238	477	0.335430	0.583000	0.436159	
490	0.346939	86	0.000000	424	0.915094	0.655238	490	0.346939	0.558000	0.437320	
519	0.312139	72	0.000000	409	0.943765	0.655238	519	0.312139	0.548000	0.438364	
508	0.346457	77	0.000000	415	0.927711	0.655238	508	0.346457	0.561000	0.439510	
501	0.351297	71	0.000000	428	0.920561	0.655238	501	0.351297	0.570000	0.440718	
412	0.320388	111	0.027027	477	0.976939	0.655238	412	0.320388	0.601000	0.442189	
325	0.258462	113	0.008850	562	0.934164	0.655238	325	0.258462	0.610000	0.443714	
363	0.297521	108	0.000000	529	0.948960	0.655238	363	0.297521	0.610000	0.445212	
314	0.232484	126	0.000000	560	0.971429	0.655238	314	0.232484	0.617000	0.446746	
350	0.265714	142	0.000000	508	0.948819	0.655238	350	0.265714	0.575000	0.447881	
379	0.250660	108	0.000000	513	0.980507	0.655238	379	0.250660	0.598000	0.449198	
360	0.277778	116	0.000000	524	0.971374	0.655238	360	0.277778	0.609000	0.450587	
340	0.294118	139	0.000000	521	0.973129	0.655238	340	0.294118	0.607000	0.451936	
381	0.320210	130	0.000000	489	0.971370	0.655238	381	0.320210	0.597000	0.453176	
348	0.324713	121	0.000000	531	0.971751	0.655238	348	0.324713	0.629000	0.454666	
377	0.270557	131	0.015267	492	0.930894	0.655238	377	0.270557	0.562000	0.455568	
335	0.271642	163	0.000000	502	0.982072	0.655238	335	0.271642	0.584000	0.456638	
377	0.281167	152	0.000000	471	0.968153	0.655238	377	0.281167	0.562000	0.457509	
354	0.194915	122	0.008197	524	0.963740	0.655238	354	0.194915	0.575000	0.458472	
443	0.442438	98	0.010204	459	0.978214	0.432067	443	0.442438	0.646000	0.459996	
358	0.273743	135	0.000000	507	0.978304	0.581263	358	0.273743	0.594000	0.461077	
397	0.287154	137	0.000000	466	0.978541	0.581263	397	0.287154	0.570000	0.461948	
410	0.324390	141	0.000000	449	0.986637	0.581263	410	0.324390	0.576000	0.462853	
387	0.271318	131	0.000000	482	0.987552	0.581263	387	0.271318	0.581000	0.463784	
374	0.294118	168	0.000000	458	0.991266	0.581263	374	0.294118	0.564000	0.464567	
403	0.267990	129	0.000000	468	0.985043	0.581263	403	0.267990	0.569000	0.465376	
376	0.260638	148	0.000000	476	0.976891	0.581263	376	0.260638	0.563000	0.466127	
357	0.310924	155	0.000000	488	0.985656	0.581263	357	0.310924	0.592000	0.467088	
389	0.269923	151	0.000000	460	0.989130	0.581263	389	0.269923	0.560000	0.467792	
385	0.327273	137	0.000000	478	0.989540	0.581263	385	0.327273	0.599000	0.468778	
408	0.250000	138	0.000000	454	0.980176	0.581263	408	0.250000	0.547000	0.469362	
374	0.275401	130	0.000000	496	0.987903	0.581263	374	0.275401	0.593000	0.470278	
405	0.293827	129	0.000000	466	0.991416	0.581263	405	0.293827	0.581000	0.471092	
425	0.322353	120	0.000000	455	0.986813	0.581263	425	0.322353	0.586000	0.471931	
388	0.306701	126	0.007937	486	0.967078	0.581263	388	0.306701	0.590000	0.472786	
378	0.320106	105	0.000000	517	0.967118	0.581263	378	0.320106	0.621000	0.473853	
376	0.364362	118	0.008475	506	0.968379	0.581263	376	0.364362	0.628000	0.474954	
386	0.331606	124	0.000000	490	0.973469	0.581263	386	0.331606	0.605000	0.475876	
379	0.411609	153	0.000000	468	0.976496	0.581263	379	0.411609	0.613000	0.476842	
284	0.119718	161	0.000000	555	0.980180	1.021265	284	0.119718	0.578000	0.477549	
293	0.191126	109	0.000000	598	0.969900	0.969063	293	0.191126	0.636000	0.478649	
278	0.165468	141	0.000000	581	0.986231	0.907238	278	0.165468	0.619000	0.479617	
363	0.303030	125	0.000000	512	0.990234	0.643461	363	0.303030	0.617000	0.480558	
356	0.308989	119	0.000000	525	0.986667	0.643461	356	0.308989	0.628000	0.481561	
376	0.300532	117	0.000000	507	0.972387	0.643461	376	0.300532	0.606000	0.482402	
348	0.278736	126	0.000000	526	0.969582	0.643461	348	0.278736	0.607000	0.483238	
372	0.303763	107	0.000000	521	0.984645	0.643461	372	0.303763	0.626000	0.484190	
369	0.284553	119	0.000000	512	0.966797	0.643461	369	0.284553	0.600000	0.484957	
346	0.274566	114	0.000000	540	0.966667	0.643461	346	0.274566	0.617000	0.485826	
325	0.276923	140	0.000000	535	0.962617	0.643461	325	0.276923	0.605000	0.486605	
372	0.258065	126	0.000000	502	0.980080	0.643461	372	0.258065	0.588000	0.487263	
355	0.315493	122	0.000000	523	0.975143	0.643461	355	0.315493	0.622000	0.488132	
390	0.320513	120	0.008333	490	0.965306	0.643461	390	0.320513	0.599000	0.488843	
362	0.292818	106	0.009434	532	0.977444	0.643461	362	0.292818	0.627000	0.489723	
372	0.258065	124	0.000000	504	0.968254	0.643461	372	0.258065	0.584000	0.490320	
340	0.202941	132	0.000000	528	0.910985	0.643461	340	0.202941	0.550000	0.490695	
365	0.298630	131	0.000000	504	0.952381	0.643461	365	0.298630	0.589000	0.491309	
339	0.241888	137	0.007299	524	0.967557	0.643461	339	0.241888	0.590000	0.491922	
382	0.293194	115	0.008696	503	0.972167	0.643461	382	0.293194	0.602000	0.492602	
319	0.222571	142	0.000000	539	0.962894	0.643461	319	0.222571	0.590000	0.493199	
354	0.288136	134	0.000000	512	0.974609	0.643461	354	0.288136	0.601000	0.493857	
335	0.268657	138	0.000000	527	0.952562	0.643461	335	0.268657	0.592000	0.494452	
373	0.270777	134	0.000000	493	0.963489	0.643461	373	0.270777	0.576000	0.494943	
379	0.321900	131	0.000000	490	0.971429	0.643461	379	0.321900	0.598000	0.495560	
354	0.293785	120	0.000000	526	0.956274	0.643461	354	0.293785	0.607000	0.496223	
360	0.252778	126	0.000000	514	0.974708	0.643461	360	0.252778	0.592000	0.496790	
353	0.303116	117	0.000000	530	0.947170	0.643461	353	0.303116	0.609000	0.497450	
362	0.251381	127	0.000000	511	0.956947	0.643461	362	0.251381	0.580000	0.497933	
367	0.280654	119	0.000000	514	0.957198	0.643461	367	0.280654	0.595000	0.498497	
378	0.354497	123	0.016260	499	0.965932	0.643461	378	0.354497	0.618000	0.499188	
400	0.370000	122	0.000000	478	0.972803	0.643461	400	0.370000	0.613000	0.499842	
394	0.357868	159	0.000000	447	0.979866	0.643461	394	0.357868	0.579000	0.500294	
363	0.380165	148	0.000000	489	0.973415	0.643461	363	0.380165	0.614000	0.500940	
352	0.340909	171	0.000000	477	0.979036	0.643461	352	0.340909	0.587000	0.501427	
369	0.317073	161	0.000000	470	0.985106	0.643461	369	0.317073	0.580000	0.501868	
397	0.372796	139	0.000000	464	0.987069	0.643461	397	0.372796	0.606000	0.502450	
392	0.364796	140	0.000000	468	0.972222	0.643461	392	0.364796	0.598000	0.502981	
344	0.363372	159	0.000000	497	0.967807	0.643461	344	0.363372	0.606000	0.503550	
370	0.427027	127	0.000000	503	0.940358	0.643461	370	0.427027	0.631000	0.504250	
264	0.268939	172	0.000000	564	0.964539	1.018724	264	0.268939	0.615000	0.504855	
333	0.132132	103	0.029126	564	0.975177	1.018724	333	0.132132	0.597000	0.505356	
374	0.286096	129	0.007752	497	0.979879	0.749205	374	0.286096	0.595000	0.505841	
341	0.310850	177	0.000000	482	0.985477	0.749205	341	0.310850	0.581000	0.506245	
360	0.311111	141	0.000000	499	0.979960	0.749205	360	0.311111	0.601000	0.506751	
314	0.299363	145	0.000000	541	0.939002	0.749205	314	0.299363	0.602000	0.507258	
330	0.306061	150	0.000000	520	0.948077	0.749205	330	0.306061	0.594000	0.507717	
337	0.311573	152	0.000000	511	0.982387	0.749205	337	0.311573	0.607000	0.508239	
318	0.298742	160	0.000000	522	0.977011	0.749205	318	0.298742	0.605000	0.508746	
347	0.314121	142	0.000000	511	0.986301	0.749205	347	0.314121	0.613000	0.509289	
368	0.255435	138	0.000000	494	0.989879	0.749205	368	0.255435	0.583000	0.509671	
362	0.317680	162	0.000000	476	0.989496	0.749205	362	0.317680	0.586000	0.510064	
336	0.300595	136	0.007353	528	0.986742	0.749205	336	0.300595	0.623000	0.510644	
346	0.355491	165	0.006061	489	0.969325	0.749205	346	0.355491	0.598000	0.511089	
309	0.317152	138	0.000000	553	0.965642	0.749205	309	0.317152	0.632000	0.511703	
336	0.297619	158	0.000000	506	0.962451	0.749205	336	0.297619	0.587000	0.512083	
335	0.316418	140	0.000000	525	0.971429	0.749205	335	0.316418	0.616000	0.512605	
325	0.316923	165	0.000000	510	0.972549	0.749205	325	0.316923	0.599000	0.513037	
365	0.336986	150	0.000000	485	0.989691	0.749205	365	0.336986	0.603000	0.513485	
365	0.369863	150	0.000000	485	0.977320	0.749205	365	0.369863	0.609000	0.513958	
377	0.323607	168	0.000000	455	0.986813	0.749205	377	0.323607	0.571000	0.514239	
362	0.339779	167	0.000000	471	0.980892	0.749205	362	0.339779	0.585000	0.514586	
346	0.338150	133	0.000000	521	0.992322	0.749205	346	0.338150	0.634000	0.515168	
383	0.268930	143	0.000000	474	0.985232	0.749205	383	0.268930	0.570000	0.515434	
339	0.294985	133	0.000000	528	0.975379	0.749205	339	0.294985	0.615000	0.515915	
371	0.353100	133	0.000000	496	0.979839	0.749205	371	0.353100	0.617000	0.516401	
372	0.279570	82	0.012195	546	0.976190	0.749205	372	0.279570	0.638000	0.516983	
381	0.275591	142	0.007042	477	0.995807	0.749205	381	0.275591	0.581000	0.517288	
349	0.326648	160	0.000000	491	0.989817	0.749205	349	0.326648	0.600000	0.517680	
380	0.278947	159	0.000000	461	0.984816	0.749205	380	0.278947	0.560000	0.517880	
335	0.307463	139	0.000000	526	0.980989	0.749205	335	0.307463	0.619000	0.518354	
342	0.318713	145	0.000000	513	0.953216	0.749205	342	0.318713	0.598000	0.518727	
338	0.269231	131	0.000000	531	0.967985	0.749205	338	0.269231	0.605000	0.519128	
307	0.328990	156	0.000000	537	0.975791	0.749205	307	0.328990	0.625000	0.519618	
435	0.213793	111	0.009009	454	0.973568	0.749205	435	0.213793	0.536000	0.519693	
459	0.226580	73	0.000000	468	0.980769	0.749205	459	0.226580	0.563000	0.519892	
444	0.202703	101	0.019802	455	0.993407	0.749205	444	0.202703	0.544000	0.520002	
372	0.266129	151	0.006623	477	0.974843	0.749205	372	0.266129	0.565000	0.520207	
354	0.276836	139	0.000000	507	0.934911	0.749205	354	0.276836	0.572000	0.520441	
349	0.297994	153	0.000000	498	0.937751	0.749205	349	0.297994	0.571000	0.520669	
356	0.294944	134	0.000000	510	0.970588	0.749205	356	0.294944	0.600000	0.521025	
326	0.322086	133	0.000000	541	0.992606	0.749205	326	0.322086	0.642000	0.521565	
349	0.326648	139	0.000000	512	0.990234	0.749205	349	0.326648	0.621000	0.522007	
342	0.333333	147	0.000000	511	0.953033	0.749205	342	0.333333	0.601000	0.522356	
348	0.318966	153	0.000000	499	0.967936	0.749205	348	0.318966	0.594000	0.522672	
372	0.284946	144	0.000000	484	0.940083	0.749205	372	0.284946	0.561000	0.522840	
449	0.278396	81	0.049383	470	0.963830	0.749205	449	0.278396	0.582000	0.523098	
461	0.277657	76	0.000000	463	0.933045	0.749205	461	0.277657	0.560000	0.523259	
461	0.336226	79	0.000000	460	0.958696	0.749205	461	0.336226	0.596000	0.523573	
477	0.295597	86	0.000000	437	0.981693	0.749205	477	0.295597	0.570000	0.523774	
456	0.304825	68	0.000000	476	0.970588	0.749205	456	0.304825	0.601000	0.524105	
444	0.283784	84	0.000000	472	0.900424	0.749205	444	0.283784	0.551000	0.524220	
482	0.253112	86	0.023256	432	0.921296	0.749205	482	0.253112	0.522000	0.524211	
496	0.264113	95	0.000000	409	0.919315	0.749205	496	0.264113	0.507000	0.524138	
495	0.260606	76	0.000000	429	0.937063	0.749205	495	0.260606	0.531000	0.524167	
446	0.242152	93	0.000000	461	0.945770	0.749205	446	0.242152	0.544000	0.524250	
510	0.233333	111	0.000000	379	0.928760	0.749205	510	0.233333	0.471000	0.524027	
509	0.233792	95	0.000000	396	0.946970	0.749205	509	0.233792	0.494000	0.523902	
487	0.297741	96	0.000000	417	0.980815	0.749205	487	0.297741	0.554000	0.524027	
510	0.201961	108	0.000000	382	0.976440	0.749205	510	0.201961	0.476000	0.523828	
502	0.258964	99	0.000000	399	0.987469	0.749205	502	0.258964	0.524000	0.523829	
499	0.218437	102	0.000000	399	0.987469	0.749205	499	0.218437	0.503000	0.523744	
463	0.248380	109	0.009174	428	0.978972	0.749205	463	0.248380	0.535000	0.523790	
491	0.230143	105	0.009524	404	0.990099	0.749205	491	0.230143	0.514000	0.523750	
479	0.221294	106	0.000000	415	0.990361	0.749205	479	0.221294	0.517000	0.523723	
522	0.250958	91	0.000000	387	0.997416	0.749205	522	0.250958	0.517000	0.523695	
518	0.247104	93	0.000000	389	0.982005	0.749205	518	0.247104	0.510000	0.523640	
462	0.203463	117	0.000000	421	0.985748	0.749205	462	0.203463	0.509000	0.523582	
500	0.284000	90	0.022222	410	0.975610	0.749205	500	0.284000	0.544000	0.523663	
553	0.294756	94	0.000000	353	0.917847	0.749205	553	0.294756	0.487000	0.523518	
561	0.283422	82	0.000000	357	0.938375	0.749205	561	0.283422	0.494000	0.523401	
532	0.278195	99	0.000000	369	0.943089	0.749205	532	0.278195	0.496000	0.523293	
536	0.276119	90	0.000000	374	0.917112	0.749205	536	0.276119	0.491000	0.523167	
534	0.265918	97	0.000000	369	0.959350	0.749205	534	0.265918	0.496000	0.523060	
541	0.327172	83	0.000000	376	0.936170	0.749205	541	0.327172	0.529000	0.523084	
534	0.286517	111	0.000000	355	0.963380	0.749205	534	0.286517	0.495000	0.522975	
554	0.270758	83	0.000000	363	0.920110	0.749205	554	0.270758	0.484000	0.522824	
548	0.279197	95	0.000000	357	0.952381	0.749205	548	0.279197	0.493000	0.522710	
581	0.263339	105	0.009524	314	0.952229	0.749205	581	0.263339	0.453000	0.522442	
666	0.229730	113	0.008850	221	0.941176	0.749205	666	0.229730	0.362000	0.521830	
688	0.334302	86	0.000000	226	0.924779	0.749205	688	0.334302	0.439000	0.521515	
672	0.342262	102	0.029412	226	0.986726	0.749205	672	0.342262	0.456000	0.521267	
721	0.296810	101	0.009901	178	0.960674	0.749205	721	0.296810	0.386000	0.520757	
693	0.269841	102	0.009804	205	0.936585	0.749205	693	0.269841	0.380000	0.520227	
724	0.299724	110	0.018182	166	0.957831	0.749205	724	0.299724	0.378000	0.519695	
700	0.317143	107	0.009346	193	0.932642	0.749205	700	0.317143	0.403000	0.519259	
649	0.281972	105	0.019048	246	0.939024	0.749205	649	0.281972	0.416000	0.518875	
628	0.259554	109	0.000000	263	0.927757	0.749205	628	0.259554	0.407000	0.518461	
627	0.234450	102	0.000000	271	0.948339	0.749205	627	0.234450	0.404000	0.518039	
618	0.289644	120	0.000000	262	0.961832	0.749205	618	0.289644	0.431000	0.517719	
637	0.260597	112	0.000000	251	0.948207	0.749205	637	0.260597	0.404000	0.517302	
625	0.292800	119	0.000000	256	0.933594	0.749205	625	0.292800	0.422000	0.516954	
655	0.276336	103	0.000000	242	0.921488	0.749205	655	0.276336	0.404000	0.516544	
654	0.250765	104	0.000000	242	0.971074	0.749205	654	0.250765	0.399000	0.516118	
632	0.245253	113	0.000000	255	0.960784	0.749205	632	0.245253	0.400000	0.515698	
628	0.251592	115	0.000000	257	0.957198	0.749205	628	0.251592	0.404000	0.515297	
640	0.246875	109	0.000000	251	0.972112	0.749205	640	0.246875	0.402000	0.514891	
613	0.269168	113	0.000000	274	0.923358	0.749205	613	0.269168	0.418000	0.514545	
631	0.255151	104	0.000000	265	0.901887	0.749205	631	0.255151	0.400000	0.514137	
621	0.275362	98	0.000000	281	0.928826	0.749205	621	0.275362	0.432000	0.513846	
637	0.251177	113	0.000000	250	0.940000	0.749205	637	0.251177	0.395000	0.513426	
650	0.247692	106	0.000000	244	0.905738	0.749205	650	0.247692	0.382000	0.512963	
618	0.195793	125	0.000000	257	0.949416	0.749205	618	0.195793	0.365000	0.512444	
641	0.262090	106	0.000000	253	0.948617	0.729389	641	0.262090	0.408000	0.512079	
632	0.261076	107	0.000000	261	0.934866	0.729389	632	0.261076	0.409000	0.511719	
635	0.250394	111	0.000000	254	0.929134	0.729389	635	0.250394	0.395000	0.511314	
608	0.218750	127	0.000000	265	0.864151	0.729389	608	0.218750	0.362000	0.510798	
687	0.263464	105	0.028571	208	0.908654	0.729389	687	0.263464	0.373000	0.510322	
735	0.306122	87	0.022989	178	0.926966	0.729389	735	0.306122	0.392000	0.509916	
692	0.294798	114	0.008772	194	0.871134	0.729389	692	0.294798	0.374000	0.509450	
622	0.263666	88	0.011364	290	0.931034	0.729389	622	0.263666	0.435000	0.509196	
632	0.178797	82	0.012195	286	0.926573	0.729389	632	0.178797	0.379000	0.508753	
659	0.262519	99	0.000000	242	0.925620	0.716734	659	0.262519	0.397000	0.508375	
669	0.304933	109	0.000000	222	0.950450	0.716734	669	0.304933	0.415000	0.508059	
730	0.327397	111	0.009009	159	0.899371	0.716734	730	0.327397	0.383000	0.507638	
643	0.318818	113	0.008850	244	0.913934	0.716734	643	0.318818	0.429000	0.507374	
729	0.301783	97	0.010309	174	0.959770	0.716734	729	0.301783	0.388000	0.506975	
758	0.282322	83	0.012048	159	0.968553	0.716734	758	0.282322	0.369000	0.506515	
621	0.289855	129	0.000000	250	0.948000	0.716734	621	0.289855	0.417000	0.506218	
672	0.299107	122	0.000000	206	0.941748	0.716734	672	0.299107	0.395000	0.505849	
657	0.283105	89	0.000000	254	0.948819	0.716734	657	0.283105	0.427000	0.505589	
666	0.274775	99	0.000000	235	0.978723	0.716734	666	0.274775	0.413000	0.505285	
664	0.290663	96	0.000000	240	0.950000	0.716734	664	0.290663	0.421000	0.505008	
643	0.321928	109	0.018349	248	0.979839	0.716734	643	0.321928	0.452000	0.504835	
657	0.273973	101	0.000000	242	0.950413	0.716734	657	0.273973	0.410000	0.504526	
642	0.303738	105	0.000000	253	0.968379	0.716734	642	0.303738	0.440000	0.504317	
652	0.263804	101	0.000000	247	0.943320	0.716734	652	0.263804	0.405000	0.503995	
645	0.311628	105	0.000000	250	0.944000	0.716734	645	0.311628	0.437000	0.503779	
632	0.262658	117	0.017094	251	0.908367	0.716734	632	0.262658	0.396000	0.503432	
634	0.241325	122	0.000000	244	0.918033	0.716734	634	0.241325	0.377000	0.503027	
641	0.254290	109	0.000000	250	0.912000	0.716734	641	0.254290	0.391000	0.502669	
701	0.316690	97	0.020619	202	0.955446	0.716734	701	0.316690	0.417000	0.502396	
622	0.255627	102	0.019608	276	0.913043	0.716734	622	0.255627	0.413000	0.502113	
592	0.239865	132	0.015152	276	0.873188	0.716734	592	0.239865	0.385000	0.501742	
622	0.284566	122	0.000000	256	0.910156	0.716734	622	0.284566	0.410000	0.501453	
615	0.282927	120	0.000000	265	0.954717	0.716734	615	0.282927	0.427000	0.501219	
621	0.293076	111	0.018018	268	0.966418	0.716734	621	0.293076	0.443000	0.501036	
642	0.267913	99	0.000000	259	0.930502	0.716734	642	0.267913	0.413000	0.500761	
659	0.273141	112	0.000000	229	0.951965	0.716734	659	0.273141	0.398000	0.500441	
651	0.291859	101	0.000000	248	0.951613	0.716734	651	0.291859	0.426000	0.500210	
656	0.300305	97	0.000000	247	0.975709	0.716734	656	0.300305	0.438000	0.500017	
624	0.294872	126	0.000000	250	0.972000	0.716734	624	0.294872	0.427000	0.499792	
590	0.176271	86	0.011628	324	0.972222	0.716734	590	0.176271	0.420000	0.499546	
638	0.399687	108	0.009259	254	0.913386	0.474299	638	0.399687	0.488000	0.499511	
738	0.436314	94	0.031915	168	0.970238	0.474299	738	0.436314	0.488000	0.499476	
758	0.189974	98	0.000000	144	0.923611	0.868354	758	0.189974	0.277000	0.498797	
760	0.250000	97	0.000000	143	0.951049	0.769556	760	0.250000	0.326000	0.498272	
772	0.281088	89	0.000000	139	0.899281	0.769556	772	0.281088	0.342000	0.497798	
765	0.274510	89	0.000000	146	0.952055	0.769556	765	0.274510	0.349000	0.497349	
751	0.272969	95	0.010526	154	0.954545	0.769556	751	0.272969	0.353000	0.496914	
713	0.263675	113	0.044248	174	0.971264	0.769556	713	0.263675	0.362000	0.496509	
646	0.244582	103	0.029126	251	0.984064	0.769556	646	0.244582	0.408000	0.496244	
660	0.262121	110	0.000000	230	0.982609	0.769556	660	0.262121	0.399000	0.495954	
639	0.255086	110	0.000000	251	0.968127	0.769556	639	0.255086	0.406000	0.495686	
663	0.285068	110	0.000000	227	0.977974	0.769556	663	0.285068	0.411000	0.495435	
642	0.219626	103	0.000000	255	0.917647	0.769556	642	0.219626	0.375000	0.495078	
633	0.232227	90	0.022222	277	0.967509	0.769556	633	0.232227	0.417000	0.494848	
676	0.275148	116	0.000000	208	0.971154	0.769556	676	0.275148	0.388000	0.494534	
653	0.264931	108	0.000000	239	0.937238	0.769556	653	0.264931	0.397000	0.494248	
657	0.260274	97	0.000000	246	0.926829	0.769556	657	0.260274	0.399000	0.493969	
649	0.263482	99	0.000000	252	0.932540	0.769556	649	0.263482	0.406000	0.493713	
612	0.246732	108	0.000000	280	0.953571	0.769556	612	0.246732	0.418000	0.493493	
659	0.270106	101	0.000000	240	0.958333	0.769556	659	0.270106	0.408000	0.493245	
656	0.291159	99	0.010101	245	0.942857	0.769556	656	0.291159	0.423000	0.493042	
749	0.301736	99	0.000000	152	0.953947	0.769556	749	0.301736	0.371000	0.492690	
660	0.221212	96	0.041667	244	0.967213	0.769556	660	0.221212	0.386000	0.492384	
667	0.266867	115	0.008696	218	0.977064	0.769556	667	0.266867	0.392000	0.492096	
664	0.322289	110	0.000000	226	0.969027	0.769556	664	0.322289	0.433000	0.491927	
691	0.276411	78	0.025641	231	0.969697	0.769556	691	0.276411	0.417000	0.491714	
686	0.306122	113	0.017699	201	0.985075	0.769556	686	0.306122	0.410000	0.491482	
688	0.257267	126	0.007937	186	0.989247	0.769556	688	0.257267	0.362000	0.491115	
667	0.262369	110	0.009091	223	0.977578	0.769556	667	0.262369	0.394000	0.490840	
668	0.229042	90	0.022222	242	1.000000	0.769556	668	0.229042	0.397000	0.490576	
704	0.298295	106	0.000000	190	0.978947	0.769556	704	0.298295	0.396000	0.490310	
665	0.288722	106	0.000000	229	0.995633	0.769556	665	0.288722	0.420000	0.490113	
676	0.289941	88	0.022727	236	0.991525	0.769556	676	0.289941	0.432000	0.489951	
681	0.312775	124	0.016129	195	0.989744	0.769556	681	0.312775	0.408000	0.489723	
648	0.192901	76	0.013158	276	0.989130	0.769556	648	0.192901	0.399000	0.489471	
676	0.255917	79	0.012658	245	0.987755	0.703555	676	0.255917	0.416000	0.489267	
650	0.295385	101	0.019802	249	0.987952	0.703555	650	0.295385	0.440000	0.489131	
708	0.337571	81	0.000000	211	0.962085	0.703555	708	0.337571	0.442000	0.489001	
701	0.336662	100	0.000000	199	0.994975	0.703555	701	0.336662	0.434000	0.488850	
675	0.285926	115	0.017391	210	0.990476	0.703555	675	0.285926	0.403000	0.488615	
676	0.315089	121	0.000000	203	0.980296	0.703555	676	0.315089	0.412000	0.488406	
667	0.347826	110	0.000000	223	0.982063	0.703555	667	0.347826	0.451000	0.488304	
697	0.337159	111	0.000000	192	0.994792	0.703555	697	0.337159	0.426000	0.488135	
676	0.346154	113	0.000000	211	0.981043	0.703555	676	0.346154	0.441000	0.488007	
664	0.340361	98	0.000000	238	0.983193	0.703555	664	0.340361	0.460000	0.487931	
673	0.317979	105	0.000000	222	0.990991	0.703555	673	0.317979	0.434000	0.487786	
664	0.355422	112	0.000000	224	0.995536	0.703555	664	0.355422	0.459000	0.487708	
695	0.322302	109	0.000000	196	0.989796	0.703555	695	0.322302	0.418000	0.487521	
677	0.339734	97	0.000000	226	0.991150	0.703555	677	0.339734	0.454000	0.487432	
684	0.327485	103	0.000000	213	0.985915	0.703555	684	0.327485	0.434000	0.487289	
684	0.304094	118	0.016949	198	0.994949	0.703555	684	0.304094	0.407000	0.487076	
653	0.312404	123	0.000000	224	0.982143	0.703555	653	0.312404	0.424000	0.486909	
670	0.314925	100	0.020000	230	0.991304	0.703555	670	0.314925	0.441000	0.486787	
655	0.250382	98	0.000000	247	0.979757	0.703555	655	0.250382	0.406000	0.486574	
701	0.342368	108	0.009259	191	0.963351	0.703555	701	0.342368	0.425000	0.486412	
737	0.341927	98	0.000000	165	0.969697	0.703555	737	0.341927	0.412000	0.486217	
662	0.279456	106	0.009434	232	0.965517	0.703555	662	0.279456	0.410000	0.486017	
655	0.279389	110	0.000000	235	0.965957	0.703555	655	0.279389	0.410000	0.485819	
647	0.262751	116	0.000000	237	0.940928	0.703555	647	0.262751	0.393000	0.485577	
688	0.334302	116	0.025862	196	0.923469	0.703555	688	0.334302	0.414000	0.485391	
687	0.231441	93	0.021505	220	0.945455	0.703555	687	0.231441	0.369000	0.485089	
652	0.280675	87	0.011494	261	0.957854	0.703555	652	0.280675	0.434000	0.484957	
640	0.273438	108	0.000000	252	0.932540	0.703555	640	0.273438	0.410000	0.484764	
661	0.284418	120	0.000000	219	0.958904	0.703555	661	0.284418	0.398000	0.484541	
635	0.277165	117	0.000000	248	0.915323	0.703555	635	0.277165	0.403000	0.484332	
649	0.325116	119	0.000000	232	0.969828	0.703555	649	0.325116	0.436000	0.484208	
647	0.327666	99	0.000000	254	0.952756	0.703555	647	0.327666	0.454000	0.484131	
665	0.284211	103	0.000000	232	0.969828	0.703555	665	0.284211	0.414000	0.483953	
622	0.231511	115	0.034783	263	0.961977	0.703555	622	0.231511	0.401000	0.483742	
635	0.311811	112	0.000000	253	0.960474	0.703555	635	0.311811	0.441000	0.483634	
633	0.243286	108	0.000000	259	0.961390	0.703555	633	0.243286	0.403000	0.483431	
671	0.299553	92	0.021739	237	0.818565	0.703555	671	0.299553	0.397000	0.483213	
662	0.296073	108	0.000000	230	0.960870	0.703555	662	0.296073	0.417000	0.483047	
632	0.257911	121	0.000000	247	0.919028	0.703555	632	0.257911	0.390000	0.482813	
624	0.293269	113	0.000000	263	0.950570	0.703555	624	0.293269	0.433000	0.482689	
668	0.299401	88	0.000000	244	0.934426	0.703555	668	0.299401	0.428000	0.482552	
650	0.293846	95	0.000000	255	0.858824	0.703555	650	0.293846	0.410000	0.482372	
652	0.251534	95	0.021053	253	0.948617	0.703555	652	0.251534	0.406000	0.482182	
630	0.253968	88	0.011364	282	0.929078	0.703555	630	0.253968	0.423000	0.482036	
603	0.180763	80	0.000000	317	0.952681	0.703555	603	0.180763	0.411000	0.481861	
628	0.393312	83	0.000000	289	0.930796	0.362928	628	0.393312	0.516000	0.481945	
667	0.515742	92	0.032609	241	0.962656	0.362928	667	0.515742	0.579000	0.482183	
669	0.542601	95	0.000000	236	0.953390	0.415903	669	0.542601	0.588000	0.482442	
620	0.266129	121	0.000000	259	0.926641	0.737319	620	0.266129	0.405000	0.482253	
654	0.292049	107	0.000000	239	0.962343	0.737319	654	0.292049	0.421000	0.482104	
627	0.279107	116	0.000000	257	0.964981	0.737319	627	0.279107	0.423000	0.481960	
653	0.278714	104	0.019231	243	0.983539	0.737319	653	0.278714	0.423000	0.481817	
618	0.268608	115	0.000000	267	0.985019	0.737319	618	0.268608	0.429000	0.481689	
639	0.295775	105	0.000000	256	0.988281	0.737319	639	0.295775	0.442000	0.481593	
633	0.252765	112	0.000000	255	0.992157	0.737319	633	0.252765	0.413000	0.481428	
652	0.265337	97	0.000000	251	0.972112	0.737319	652	0.265337	0.417000	0.481273	
665	0.281203	106	0.000000	229	0.973799	0.737319	665	0.281203	0.410000	0.481102	
643	0.275272	85	0.000000	272	0.933824	0.737319	643	0.275272	0.431000	0.480982	
635	0.247244	117	0.000000	248	0.923387	0.737319	635	0.247244	0.386000	0.480755	
612	0.305556	103	0.000000	285	0.943860	0.737319	612	0.305556	0.456000	0.480696	
659	0.323217	100	0.010000	241	0.950207	0.737319	659	0.323217	0.443000	0.480607	
699	0.278970	94	0.010638	207	0.961353	0.737319	699	0.278970	0.395000	0.480404	
641	0.304212	114	0.000000	245	0.983673	0.737319	641	0.304212	0.436000	0.480299	
638	0.269592	110	0.000000	252	0.964286	0.737319	638	0.269592	0.415000	0.480145	
651	0.265745	94	0.000000	255	0.968627	0.737319	651	0.265745	0.420000	0.480004	
636	0.276730	96	0.000000	268	0.955224	0.737319	636	0.276730	0.432000	0.479891	
636	0.259434	108	0.000000	256	0.945312	0.737319	636	0.259434	0.407000	0.479720	
637	0.268446	102	0.000000	261	0.934866	0.737319	637	0.268446	0.415000	0.479569	
657	0.281583	112	0.000000	231	0.900433	0.737319	657	0.281583	0.393000	0.479367	
615	0.304065	101	0.000000	284	0.933099	0.737319	615	0.304065	0.452000	0.479304	
635	0.259843	116	0.000000	249	0.955823	0.737319	635	0.259843	0.403000	0.479126	
573	0.223386	116	0.017241	311	0.932476	0.737319	573	0.223386	0.420000	0.478990	
650	0.290769	114	0.000000	236	0.949153	0.737319	650	0.290769	0.413000	0.478837	
649	0.244992	120	0.000000	231	0.974026	0.737319	649	0.244992	0.384000	0.478619	
651	0.208909	106	0.018868	243	0.979424	0.737319	651	0.208909	0.376000	0.478383	
719	0.275382	94	0.010638	187	0.951872	0.737319	719	0.275382	0.377000	0.478150	
779	0.304236	78	0.000000	143	0.979021	0.737319	779	0.304236	0.377000	0.477919	
756	0.264550	87	0.000000	157	0.968153	0.737319	756	0.264550	0.352000	0.477631	
720	0.254167	101	0.019802	179	0.955307	0.737319	720	0.254167	0.356000	0.477354	
676	0.267751	115	0.034783	209	0.966507	0.737319	676	0.267751	0.387000	0.477149	
731	0.314637	98	0.000000	171	0.988304	0.737319	731	0.314637	0.399000	0.476972	
718	0.284123	100	0.010000	182	0.983516	0.737319	718	0.284123	0.384000	0.476761	
630	0.242857	108	0.000000	262	0.973282	0.737319	630	0.242857	0.408000	0.476606	
648	0.291667	111	0.000000	241	0.975104	0.737319	648	0.291667	0.424000	0.476488	
647	0.289026	120	0.000000	233	0.991416	0.737319	647	0.289026	0.418000	0.476356	
684	0.273392	118	0.000000	198	0.979798	0.737319	684	0.273392	0.381000	0.476142	
600	0.336667	119	0.016807	281	0.971530	0.737319	600	0.336667	0.477000	0.476144	
657	0.273973	125	0.000000	218	0.981651	0.737319	657	0.273973	0.394000	0.475961	
659	0.262519	85	0.000000	256	0.988281	0.737319	659	0.262519	0.426000	0.475850	
673	0.304606	100	0.000000	227	0.964758	0.737319	673	0.304606	0.424000	0.475734	
670	0.322388	112	0.000000	218	0.981651	0.737319	670	0.322388	0.430000	0.475633	
677	0.248154	102	0.000000	221	0.986425	0.737319	677	0.248154	0.386000	0.475435	
656	0.277439	102	0.000000	242	0.983471	0.737319	656	0.277439	0.420000	0.475312	
644	0.237578	96	0.000000	260	0.973077	0.737319	644	0.237578	0.406000	0.475160	
634	0.250789	96	0.000000	270	0.977778	0.737319	634	0.250789	0.423000	0.475045	
663	0.280543	104	0.000000	233	0.991416	0.737319	663	0.280543	0.417000	0.474918	
677	0.296898	105	0.000000	218	0.990826	0.737319	677	0.296898	0.417000	0.474791	
666	0.249249	92	0.000000	242	0.958678	0.737319	666	0.249249	0.398000	0.474623	
679	0.307806	103	0.000000	218	0.972477	0.737319	679	0.307806	0.421000	0.474507	
681	0.252570	101	0.009901	218	0.981651	0.737319	681	0.252570	0.387000	0.474316	
609	0.215107	100	0.010000	291	0.979381	0.737319	609	0.215107	0.417000	0.474192	
626	0.228435	84	0.023810	290	0.986207	0.737319	626	0.228435	0.431000	0.474099	
644	0.265528	102	0.000000	254	0.992126	0.737319	644	0.265528	0.423000	0.473988	
634	0.209779	144	0.000000	222	0.990991	0.737319	634	0.209779	0.353000	0.473727	
624	0.237179	122	0.000000	254	0.992126	0.737319	624	0.237179	0.400000	0.473569	
669	0.286996	101	0.000000	230	0.995652	0.737319	669	0.286996	0.421000	0.473456	
655	0.294656	105	0.000000	240	0.979167	0.737319	655	0.294656	0.428000	0.473359	
668	0.309880	90	0.000000	242	0.971074	0.737319	668	0.309880	0.442000	0.473292	
700	0.341429	81	0.012346	219	0.913242	0.737319	700	0.341429	0.440000	0.473221	
644	0.248447	127	0.023622	229	0.943231	0.737319	644	0.248447	0.379000	0.473020	
665	0.300752	131	0.030534	204	0.887255	0.737319	665	0.300752	0.385000	0.472833	
682	0.287390	126	0.015873	192	0.973958	0.737319	682	0.287390	0.385000	0.472647	
699	0.323319	112	0.008929	189	0.978836	0.737319	699	0.323319	0.412000	0.472519	
700	0.314286	133	0.007519	167	0.970060	0.737319	700	0.314286	0.383000	0.472330	
731	0.270862	108	0.027778	161	0.975155	0.737319	731	0.270862	0.358000	0.472090	
725	0.285517	118	0.016949	157	0.949045	0.737319	725	0.285517	0.358000	0.471850	
750	0.281333	111	0.009009	139	0.906475	0.737319	750	0.281333	0.338000	0.471569	
763	0.296199	92	0.010870	145	0.958621	0.737319	763	0.296199	0.366000	0.471348	
707	0.278642	126	0.031746	167	0.928144	0.737319	707	0.278642	0.356000	0.471108	
658	0.258359	149	0.006711	193	0.953368	0.737319	658	0.258359	0.355000	0.470866	
703	0.327169	123	0.016260	174	0.988506	0.737319	703	0.327169	0.404000	0.470727	
702	0.294872	127	0.015748	171	1.000000	0.737319	702	0.294872	0.380000	0.470538	
670	0.302985	123	0.016260	207	0.985507	0.737319	670	0.302985	0.409000	0.470411	
625	0.260800	95	0.000000	280	0.960714	0.737319	625	0.260800	0.432000	0.470332	
613	0.246330	117	0.000000	270	0.944444	0.737319	613	0.246330	0.406000	0.470199	
670	0.256716	94	0.021277	236	0.970339	0.737319	670	0.256716	0.403000	0.470061	
725	0.271724	92	0.010870	183	0.972678	0.737319	725	0.271724	0.376000	0.469868	
743	0.250336	89	0.022472	168	0.928571	0.737319	743	0.250336	0.344000	0.469610	
667	0.277361	121	0.008264	212	0.976415	0.737319	667	0.277361	0.393000	0.469453	
639	0.258216	102	0.000000	259	0.918919	0.737319	639	0.258216	0.403000	0.469317	
609	0.203612	114	0.035088	277	0.967509	0.737319	609	0.203612	0.396000	0.469168	
631	0.275753	99	0.020202	270	0.959259	0.737319	631	0.275753	0.435000	0.469099	
664	0.251506	86	0.000000	250	0.940000	0.737319	664	0.251506	0.402000	0.468963	
636	0.243711	108	0.000000	256	0.976562	0.737319	636	0.243711	0.405000	0.468833	
636	0.272013	91	0.000000	273	0.985348	0.737319	636	0.272013	0.442000	0.468779	
661	0.266263	89	0.000000	250	0.928000	0.737319	661	0.266263	0.408000	0.468656	
641	0.254290	123	0.000000	236	0.949153	0.737319	641	0.254290	0.387000	0.468492	
610	0.229508	107	0.000000	283	0.978799	0.737319	610	0.229508	0.417000	0.468389	
631	0.294770	109	0.000000	260	0.869231	0.737319	631	0.294770	0.412000	0.468276	
622	0.221865	97	0.010309	281	0.939502	0.737319	622	0.221865	0.403000	0.468145	
628	0.226115	97	0.010309	275	0.927273	0.737319	628	0.226115	0.398000	0.468005	
630	0.271429	116	0.000000	254	0.925197	0.737319	630	0.271429	0.406000	0.467882	
609	0.284072	120	0.008333	271	0.937269	0.737319	609	0.284072	0.428000	0.467802	
667	0.266867	109	0.027523	224	0.959821	0.737319	667	0.266867	0.396000	0.467660	
635	0.291339	122	0.000000	243	0.962963	0.737319	635	0.291339	0.419000	0.467563	
631	0.269414	125	0.000000	244	0.959016	0.737319	631	0.269414	0.404000	0.467438	
662	0.309668	109	0.000000	229	0.978166	0.737319	662	0.309668	0.429000	0.467362	
640	0.276562	104	0.019231	256	0.988281	0.737319	640	0.276562	0.432000	0.467292	
642	0.278816	119	0.000000	239	0.987448	0.737319	642	0.278816	0.415000	0.467190	
658	0.299392	117	0.000000	225	0.960000	0.737319	658	0.299392	0.413000	0.467083	
650	0.293846	116	0.000000	234	0.995726	0.737319	650	0.293846	0.424000	0.466999	
679	0.257732	89	0.000000	232	0.978448	0.737319	679	0.257732	0.402000	0.466872	
655	0.268702	103	0.000000	242	0.892562	0.737319	655	0.268702	0.392000	0.466726	
655	0.235115	107	0.000000	238	0.966387	0.737319	655	0.235115	0.384000	0.466565	
635	0.258268	125	0.000000	240	0.991667	0.737319	635	0.258268	0.402000	0.466440	
632	0.270570	110	0.000000	258	0.976744	0.737319	632	0.270570	0.423000	0.466356	
653	0.261868	110	0.000000	237	0.995781	0.737319	653	0.261868	0.407000	0.466241	
676	0.254438	99	0.000000	225	0.982222	0.737319	676	0.254438	0.393000	0.466099	
628	0.273885	106	0.000000	266	0.988722	0.737319	628	0.273885	0.435000	0.466040	
662	0.296073	87	0.000000	251	0.960159	0.737319	662	0.296073	0.437000	0.465984	
653	0.267994	119	0.000000	228	0.982456	0.737319	653	0.267994	0.399000	0.465855	
638	0.269592	106	0.000000	256	0.976562	0.737319	638	0.269592	0.422000	0.465771	
663	0.247360	120	0.000000	217	0.986175	0.737319	663	0.247360	0.378000	0.465603	
655	0.297710	113	0.000000	232	0.982759	0.737319	655	0.297710	0.423000	0.465522	
622	0.292605	123	0.016260	255	0.968627	0.737319	622	0.292605	0.431000	0.465456	
664	0.274096	127	0.000000	209	0.990431	0.737319	664	0.274096	0.389000	0.465311	
677	0.268833	107	0.009346	216	0.995370	0.737319	677	0.268833	0.398000	0.465183	
689	0.310595	102	0.009804	209	0.985646	0.737319	689	0.310595	0.421000	0.465099	
642	0.289720	108	0.000000	250	0.988000	0.737319	642	0.289720	0.433000	0.465039	
640	0.246875	113	0.000000	247	0.975709	0.737319	640	0.246875	0.399000	0.464914	
609	0.284072	121	0.000000	270	0.985185	0.737319	609	0.284072	0.439000	0.464865	
638	0.293103	116	0.000000	246	0.959350	0.737319	638	0.293103	0.423000	0.464787	
634	0.250789	123	0.000000	243	0.975309	0.737319	634	0.250789	0.396000	0.464658	
576	0.244792	132	0.015152	292	0.849315	0.737319	576	0.244792	0.391000	0.464520	
590	0.271186	166	0.012048	244	0.893443	0.737319	590	0.271186	0.380000	0.464362	
691	0.285094	107	0.018692	202	0.935644	0.737319	691	0.285094	0.388000	0.464219	
698	0.309456	102	0.039216	200	0.910000	0.737319	698	0.309456	0.402000	0.464103	
622	0.236334	113	0.000000	265	0.864151	0.737319	622	0.236334	0.376000	0.463940	
623	0.258427	97	0.000000	280	0.853571	0.737319	623	0.258427	0.400000	0.463821	
633	0.265403	99	0.000000	268	0.955224	0.737319	633	0.265403	0.424000	0.463747	
660	0.254545	91	0.000000	249	0.959839	0.737319	660	0.254545	0.407000	0.463642	
586	0.141638	96	0.010417	318	0.880503	0.737319	586	0.141638	0.364000	0.463459	
622	0.379421	101	0.009901	277	0.916968	0.523391	622	0.379421	0.491000	0.463509	
645	0.426357	91	0.000000	264	0.886364	0.523391	645	0.426357	0.509000	0.463593	
640	0.192188	102	0.000000	258	0.941860	0.914389	640	0.192188	0.366000	0.463414	
635	0.294488	105	0.000000	260	0.973077	0.655115	635	0.294488	0.440000	0.463371	
655	0.351145	101	0.000000	244	0.963115	0.655115	655	0.351145	0.465000	0.463374	
684	0.358187	103	0.000000	213	0.976526	0.655115	684	0.358187	0.453000	0.463355	
654	0.299694	87	0.000000	259	0.988417	0.655115	654	0.299694	0.452000	0.463334	
663	0.300151	93	0.000000	244	0.975410	0.655115	663	0.300151	0.437000	0.463286	
633	0.327014	101	0.000000	266	0.887218	0.655115	633	0.327014	0.443000	0.463250	
636	0.306604	110	0.000000	254	0.866142	0.655115	636	0.306604	0.415000	0.463162	
627	0.323764	107	0.000000	266	0.921053	0.655115	627	0.323764	0.448000	0.463135	
667	0.323838	107	0.018692	226	0.982301	0.655115	667	0.323838	0.440000	0.463093	
651	0.356375	107	0.000000	242	0.921488	0.655115	651	0.356375	0.455000	0.463078	
655	0.306870	109	0.000000	236	0.944915	0.655115	655	0.306870	0.424000	0.463008	
664	0.319277	113	0.000000	223	0.973094	0.655115	664	0.319277	0.429000	0.462947	
635	0.332283	112	0.000000	253	0.956522	0.655115	635	0.332283	0.453000	0.462929	
645	0.314729	103	0.000000	252	0.984127	0.655115	645	0.314729	0.451000	0.462908	
648	0.331790	110	0.000000	242	0.983471	0.655115	648	0.331790	0.453000	0.462890	
661	0.343419	104	0.000000	235	0.927660	0.655115	661	0.343419	0.445000	0.462858	
660	0.345455	114	0.000000	226	0.955752	0.655115	660	0.345455	0.444000	0.462825	
674	0.311573	113	0.000000	213	0.976526	0.655115	674	0.311573	0.418000	0.462745	
657	0.365297	106	0.000000	237	0.970464	0.655115	657	0.365297	0.470000	0.462758	
633	0.279621	109	0.009174	258	0.887597	0.655115	633	0.279621	0.407000	0.462659	
632	0.294304	106	0.009434	262	0.904580	0.655115	632	0.294304	0.424000	0.462591	
621	0.326892	128	0.000000	251	0.992032	0.655115	621	0.326892	0.452000	0.462572	
661	0.320726	117	0.017094	222	0.963964	0.655115	661	0.320726	0.428000	0.462512	
648	0.344136	123	0.000000	229	0.973799	0.655115	648	0.344136	0.446000	0.462482	
607	0.299835	103	0.000000	290	0.937931	0.655115	607	0.299835	0.454000	0.462468	
667	0.293853	109	0.000000	224	0.955357	0.655115	667	0.293853	0.410000	0.462376	
682	0.306452	95	0.000000	223	0.968610	0.655115	682	0.306452	0.425000	0.462310	
652	0.335890	125	0.000000	223	0.937220	0.655115	652	0.335890	0.428000	0.462251	
635	0.333858	86	0.000000	279	0.949821	0.655115	635	0.333858	0.477000	0.462276	
680	0.322059	96	0.000000	224	0.968750	0.655115	680	0.322059	0.436000	0.462231	
660	0.324242	96	0.000000	244	0.913934	0.655115	660	0.324242	0.437000	0.462187	
590	0.218644	84	0.023810	326	0.941718	0.655115	590	0.218644	0.438000	0.462145	
625	0.336000	100	0.000000	275	0.952727	0.655115	625	0.336000	0.472000	0.462162	
637	0.346939	114	0.017544	249	0.987952	0.655115	637	0.346939	0.469000	0.462174	
658	0.293313	109	0.000000	233	0.982833	0.655115	658	0.293313	0.422000	0.462104	
752	0.297872	100	0.040000	148	0.979730	0.655115	752	0.297872	0.373000	0.461951	
752	0.347074	93	0.021505	155	0.993548	0.655115	752	0.347074	0.417000	0.461874	
745	0.324832	88	0.022727	167	0.994012	0.655115	745	0.324832	0.410000	0.461785	
720	0.323611	117	0.025641	163	0.993865	0.655115	720	0.323611	0.398000	0.461676	
750	0.348000	88	0.011364	162	0.993827	0.655115	750	0.348000	0.423000	0.461609	
762	0.383202	97	0.020619	141	0.943262	0.655115	762	0.383202	0.427000	0.461550	
734	0.314714	95	0.010526	171	0.953216	0.655115	734	0.314714	0.395000	0.461437	
715	0.300699	121	0.008264	164	0.884146	0.655115	715	0.300699	0.361000	0.461266	
741	0.317139	94	0.010638	165	0.915152	0.655115	741	0.317139	0.387000	0.461140	
772	0.373057	93	0.000000	135	0.992593	0.655115	772	0.373057	0.422000	0.461074	
750	0.330667	73	0.013699	177	0.966102	0.655115	750	0.330667	0.420000	0.461004	
729	0.318244	92	0.021739	179	0.983240	0.655115	729	0.318244	0.410000	0.460918	
683	0.279649	117	0.000000	200	0.970000	0.655115	683	0.279649	0.385000	0.460790	
649	0.302003	121	0.000000	230	0.969565	0.655115	649	0.302003	0.419000	0.460720	
695	0.335252	106	0.009434	199	0.979899	0.655115	695	0.335252	0.429000	0.460666	
678	0.320059	129	0.007752	193	0.963731	0.655115	678	0.320059	0.404000	0.460571	
647	0.324575	112	0.000000	241	0.962656	0.655115	647	0.324575	0.442000	0.460540	
666	0.301802	111	0.000000	223	0.941704	0.655115	666	0.301802	0.411000	0.460457	
662	0.330816	91	0.000000	247	0.955466	0.655115	662	0.330816	0.455000	0.460448	
612	0.313725	134	0.000000	254	0.968504	0.655115	612	0.313725	0.438000	0.460411	
654	0.333333	85	0.000000	261	0.938697	0.655115	654	0.333333	0.463000	0.460415	
622	0.284566	110	0.000000	268	0.947761	0.655115	622	0.284566	0.431000	0.460366	
654	0.313456	122	0.000000	224	0.968750	0.655115	654	0.313456	0.422000	0.460303	
658	0.326748	121	0.000000	221	0.932127	0.655115	658	0.326748	0.421000	0.460238	
662	0.317221	103	0.000000	235	0.978723	0.655115	662	0.317221	0.440000	0.460204	
619	0.306947	106	0.000000	275	0.901818	0.655115	619	0.306947	0.438000	0.460168	
643	0.284603	111	0.000000	246	0.926829	0.655115	643	0.284603	0.411000	0.460087	
650	0.315385	107	0.000000	243	0.991770	0.655115	650	0.315385	0.446000	0.460063	
634	0.310726	115	0.000000	251	0.904382	0.655115	634	0.310726	0.424000	0.460004	
642	0.299065	86	0.000000	272	0.897059	0.655115	642	0.299065	0.436000	0.459965	
603	0.303483	118	0.000000	279	0.881720	0.655115	603	0.303483	0.429000	0.459914	
625	0.307200	98	0.000000	277	0.953069	0.655115	625	0.307200	0.456000	0.459908	
634	0.279180	113	0.000000	253	0.944664	0.655115	634	0.279180	0.416000	0.459836	
676	0.322485	92	0.000000	232	0.961207	0.655115	676	0.322485	0.441000	0.459805	
659	0.312595	97	0.000000	244	0.967213	0.655115	659	0.312595	0.442000	0.459776	
647	0.307573	110	0.000000	243	0.995885	0.655115	647	0.307573	0.441000	0.459746	
647	0.306028	119	0.025210	234	0.940171	0.655115	647	0.306028	0.421000	0.459683	
689	0.338171	101	0.009901	210	0.947619	0.655115	689	0.338171	0.433000	0.459640	
613	0.305057	108	0.000000	279	0.928315	0.655115	613	0.305057	0.446000	0.459618	
625	0.297600	109	0.000000	266	0.936090	0.655115	625	0.297600	0.435000	0.459578	
647	0.324575	106	0.000000	247	0.951417	0.655115	647	0.324575	0.445000	0.459555	
656	0.330793	97	0.000000	247	0.931174	0.655115	656	0.330793	0.447000	0.459535	
636	0.281447	110	0.018182	254	0.940945	0.655115	636	0.281447	0.420000	0.459471	
638	0.300940	100	0.000000	262	0.946565	0.655115	638	0.300940	0.440000	0.459440	
633	0.322275	96	0.000000	271	0.907749	0.655115	633	0.322275	0.450000	0.459425	
627	0.352472	113	0.000000	260	0.965385	0.655115	627	0.352472	0.472000	0.459445	
667	0.359820	104	0.000000	229	0.917031	0.655115	667	0.359820	0.450000	0.459430	
659	0.339909	117	0.000000	224	0.959821	0.655115	659	0.339909	0.439000	0.459397	
614	0.332248	108	0.000000	278	0.935252	0.655115	614	0.332248	0.464000	0.459405	
644	0.259317	102	0.019608	254	0.944882	0.655115	644	0.259317	0.409000	0.459325	
648	0.311728	118	0.000000	234	0.965812	0.655115	648	0.311728	0.428000	0.459275	
643	0.325039	122	0.000000	235	0.948936	0.655115	643	0.325039	0.432000	0.459232	
627	0.346093	83	0.012048	290	0.855172	0.655115	627	0.346093	0.466000	0.459243	
562	0.161922	88	0.000000	350	0.960000	0.655115	562	0.161922	0.427000	0.459192	
639	0.386541	111	0.009009	250	0.964000	0.459094	639	0.386541	0.489000	0.459239	
659	0.503794	108	0.000000	233	0.974249	0.459094	659	0.503794	0.559000	0.459396	
660	0.387879	102	0.000000	238	0.970588	0.560052	660	0.387879	0.487000	0.459439	
641	0.414977	108	0.000000	251	0.988048	0.560052	641	0.414977	0.514000	0.459524	
650	0.335385	108	0.009259	242	0.975207	0.617650	650	0.335385	0.455000	0.459517	
749	0.329773	74	0.027027	177	0.994350	0.617650	749	0.329773	0.425000	0.459463	
751	0.384820	95	0.000000	154	0.987013	0.617650	751	0.384820	0.441000	0.459435	
760	0.367105	78	0.000000	162	0.987654	0.617650	760	0.367105	0.439000	0.459403	
772	0.369171	84	0.000000	144	0.979167	0.617650	772	0.369171	0.426000	0.459351	
732	0.357923	100	0.000000	168	0.988095	0.617650	732	0.357923	0.428000	0.459302	
765	0.364706	91	0.000000	144	1.000000	0.617650	765	0.364706	0.423000	0.459246	
761	0.353482	85	0.000000	154	0.987013	0.617650	761	0.353482	0.421000	0.459187	
749	0.329773	95	0.021053	156	0.980769	0.617650	749	0.329773	0.402000	0.459098	
787	0.378653	72	0.000000	141	0.964539	0.617650	787	0.378653	0.434000	0.459059	
711	0.336146	125	0.024000	164	0.981707	0.617650	711	0.336146	0.403000	0.458973	
707	0.306931	110	0.018182	183	0.983607	0.617650	707	0.306931	0.399000	0.458881	
682	0.337243	136	0.014706	182	0.983516	0.617650	682	0.337243	0.411000	0.458807	
718	0.344011	117	0.017094	165	0.969697	0.617650	718	0.344011	0.409000	0.458731	
717	0.354254	109	0.018349	174	0.988506	0.617650	717	0.354254	0.428000	0.458684	
675	0.340741	121	0.008264	204	0.980392	0.617650	675	0.340741	0.431000	0.458642	
741	0.387314	114	0.008772	145	0.986207	0.617650	741	0.387314	0.431000	0.458599	
715	0.339860	122	0.008197	163	0.957055	0.617650	715	0.339860	0.400000	0.458510	
737	0.367707	118	0.025424	145	0.979310	0.617650	737	0.367707	0.416000	0.458445	
746	0.364611	107	0.028037	147	0.945578	0.617650	746	0.364611	0.414000	0.458378	
760	0.375000	100	0.010000	140	0.964286	0.617650	760	0.375000	0.421000	0.458321	
723	0.358230	123	0.008130	154	0.974026	0.617650	723	0.358230	0.410000	0.458248	
711	0.375527	130	0.007692	159	0.968553	0.617650	711	0.375527	0.422000	0.458193	
682	0.365103	132	0.030303	186	0.973118	0.617650	682	0.365103	0.434000	0.458156	
572	0.305944	141	0.007092	287	0.975610	0.617650	572	0.305944	0.456000	0.458153	
693	0.431457	102	0.019608	205	0.980488	0.617650	693	0.431457	0.502000	0.458219	
747	0.254351	110	0.000000	143	0.965035	0.808734	747	0.254351	0.328000	0.458023	
725	0.284138	110	0.027273	165	0.975758	0.808734	725	0.284138	0.370000	0.457891	
714	0.287115	116	0.008621	170	0.952941	0.808734	714	0.287115	0.368000	0.457756	
733	0.238745	123	0.056911	144	0.958333	0.808734	733	0.238745	0.320000	0.457550	
697	0.200861	116	0.025862	187	0.893048	0.808734	697	0.200861	0.310000	0.457330	
682	0.202346	143	0.027972	175	0.885714	0.808734	682	0.202346	0.297000	0.457090	
654	0.172783	155	0.038710	191	0.816754	0.808734	654	0.172783	0.275000	0.456819	
670	0.282090	137	0.029197	193	0.917098	0.739212	670	0.282090	0.370000	0.456690	
666	0.217718	140	0.014286	194	0.886598	0.739212	666	0.217718	0.319000	0.456485	
682	0.209677	136	0.029412	182	0.928571	0.739212	682	0.209677	0.316000	0.456277	
705	0.248227	118	0.008475	177	0.887006	0.739212	705	0.248227	0.333000	0.456094	
744	0.293011	98	0.010204	158	0.879747	0.739212	744	0.293011	0.358000	0.455949	
676	0.279586	136	0.022059	188	0.957447	0.739212	676	0.279586	0.372000	0.455825	
676	0.251479	133	0.030075	191	0.963351	0.739212	676	0.251479	0.358000	0.455681	
718	0.317549	113	0.026549	169	0.976331	0.739212	718	0.317549	0.396000	0.455593	
730	0.290411	97	0.020619	173	0.878613	0.739212	730	0.290411	0.366000	0.455461	
734	0.287466	121	0.041322	145	0.944828	0.739212	734	0.287466	0.353000	0.455311	
711	0.279887	124	0.024194	165	0.927273	0.739212	711	0.279887	0.355000	0.455164	
733	0.300136	118	0.000000	149	0.919463	0.739212	733	0.300136	0.357000	0.455020	
726	0.264463	114	0.026316	160	0.925000	0.739212	726	0.264463	0.343000	0.454856	
694	0.278098	106	0.037736	200	0.970000	0.739212	694	0.278098	0.391000	0.454763	
696	0.313218	111	0.009009	193	0.974093	0.739212	696	0.313218	0.407000	0.454693	
707	0.244696	123	0.056911	170	0.870588	0.739212	707	0.244696	0.328000	0.454509	
709	0.280677	141	0.042553	150	0.906667	0.739212	709	0.280677	0.341000	0.454344	
721	0.274619	100	0.000000	179	0.938547	0.739212	721	0.274619	0.366000	0.454216	
680	0.248529	119	0.016807	201	0.950249	0.739212	680	0.248529	0.362000	0.454082	
715	0.290909	111	0.027027	174	0.942529	0.739212	715	0.290909	0.375000	0.453968	
630	0.304762	156	0.032051	214	0.925234	0.739212	630	0.304762	0.395000	0.453882	
674	0.326409	151	0.013245	175	0.902857	0.739212	674	0.326409	0.380000	0.453776	
702	0.286325	130	0.015385	168	0.922619	0.739212	702	0.286325	0.358000	0.453638	
610	0.293443	170	0.011765	220	0.950000	0.739212	610	0.293443	0.390000	0.453546	
632	0.340190	138	0.014493	230	0.973913	0.739212	632	0.340190	0.441000	0.453528	
660	0.259091	138	0.007246	202	0.990099	0.739212	660	0.259091	0.372000	0.453411	
649	0.317411	165	0.006061	186	0.967742	0.739212	649	0.317411	0.387000	0.453316	
685	0.267153	101	0.039604	214	0.971963	0.739212	685	0.267153	0.395000	0.453233	
648	0.229938	118	0.000000	234	0.970085	0.739212	648	0.229938	0.376000	0.453122	
644	0.276398	124	0.000000	232	0.987069	0.739212	644	0.276398	0.407000	0.453056	
670	0.271642	108	0.000000	222	0.972973	0.739212	670	0.271642	0.398000	0.452978	
656	0.283537	105	0.000000	239	0.983264	0.739212	656	0.283537	0.421000	0.452932	
650	0.275385	121	0.000000	229	0.978166	0.739212	650	0.275385	0.403000	0.452862	
622	0.276527	119	0.000000	259	0.980695	0.739212	622	0.276527	0.426000	0.452823	
654	0.266055	102	0.000000	244	0.979508	0.739212	654	0.266055	0.413000	0.452767	
642	0.264798	89	0.000000	269	0.977695	0.739212	642	0.264798	0.433000	0.452739	
665	0.246617	92	0.000000	243	0.995885	0.739212	665	0.246617	0.406000	0.452673	
713	0.277700	90	0.011111	197	0.908629	0.739212	713	0.277700	0.378000	0.452568	
756	0.301587	89	0.000000	155	0.948387	0.739212	756	0.301587	0.375000	0.452459	
752	0.320479	90	0.000000	158	0.911392	0.739212	752	0.320479	0.385000	0.452364	
682	0.331378	119	0.050420	199	0.949749	0.739212	682	0.331378	0.421000	0.452320	
582	0.240550	134	0.022388	284	0.936620	0.739212	582	0.240550	0.409000	0.452259	
655	0.296183	162	0.024691	183	0.912568	0.739212	655	0.296183	0.365000	0.452137	
693	0.304473	154	0.006494	153	0.934641	0.739212	693	0.304473	0.355000	0.452001	
725	0.332414	112	0.008929	163	0.938650	0.739212	725	0.332414	0.395000	0.451921	
633	0.290679	152	0.026316	215	0.958140	0.739212	633	0.290679	0.394000	0.451840	
655	0.302290	161	0.031056	184	0.945652	0.739212	655	0.302290	0.377000	0.451736	
539	0.246753	165	0.030303	296	0.962838	0.739212	539	0.246753	0.423000	0.451696	
695	0.316547	125	0.040000	180	0.794444	0.739212	695	0.316547	0.368000	0.451580	
668	0.269461	127	0.023622	205	0.956098	0.739212	668	0.269461	0.379000	0.451479	
646	0.283282	141	0.035461	213	0.906103	0.739212	646	0.283282	0.381000	0.451382	
684	0.290936	101	0.009901	215	0.976744	0.739212	684	0.290936	0.410000	0.451324	
655	0.287023	106	0.000000	239	0.962343	0.739212	655	0.287023	0.418000	0.451278	
633	0.278041	108	0.000000	259	0.945946	0.739212	633	0.278041	0.421000	0.451237	
622	0.260450	132	0.000000	246	0.975610	0.739212	622	0.260450	0.402000	0.451169	
658	0.247720	110	0.000000	232	0.965517	0.739212	658	0.247720	0.387000	0.451081	
652	0.248466	98	0.000000	250	0.976000	0.739212	652	0.248466	0.406000	0.451019	
659	0.268589	106	0.000000	235	0.927660	0.739212	659	0.268589	0.395000	0.450942	
656	0.288110	101	0.000000	243	0.967078	0.739212	656	0.288110	0.424000	0.450905	
632	0.246835	104	0.000000	264	0.897727	0.739212	632	0.246835	0.393000	0.450826	
632	0.273734	116	0.017241	252	0.932540	0.739212	632	0.273734	0.410000	0.450770	
662	0.225076	102	0.000000	236	0.936441	0.739212	662	0.225076	0.370000	0.450660	
640	0.270313	120	0.000000	240	0.975000	0.739212	640	0.270313	0.407000	0.450600	
641	0.254290	127	0.000000	232	0.961207	0.739212	641	0.254290	0.386000	0.450512	
626	0.260383	121	0.000000	253	0.901186	0.739212	626	0.260383	0.391000	0.450431	
678	0.233038	93	0.000000	229	0.956332	0.739212	678	0.233038	0.377000	0.450332	
671	0.281669	112	0.000000	217	0.963134	0.739212	671	0.281669	0.398000	0.450261	
655	0.259542	93	0.000000	252	0.972222	0.739212	655	0.259542	0.415000	0.450213	
678	0.249263	106	0.000000	216	0.972222	0.739212	678	0.249263	0.379000	0.450117	
661	0.273828	94	0.000000	245	0.975510	0.739212	661	0.273828	0.420000	0.450076	
613	0.244698	118	0.000000	269	0.914498	0.739212	613	0.244698	0.396000	0.450003	
679	0.324006	112	0.026786	209	0.966507	0.739212	679	0.324006	0.425000	0.449970	
728	0.325549	104	0.000000	168	0.916667	0.739212	728	0.325549	0.391000	0.449891	
691	0.254703	141	0.028369	168	0.952381	0.739212	691	0.254703	0.340000	0.449743	
729	0.272977	114	0.017544	157	0.987261	0.739212	729	0.272977	0.356000	0.449617	
737	0.283582	103	0.009709	160	0.987500	0.739212	737	0.283582	0.368000	0.449508	
711	0.313643	123	0.000000	166	0.981928	0.739212	711	0.313643	0.386000	0.449423	
748	0.312834	97	0.010309	155	0.987097	0.739212	748	0.312834	0.388000	0.449341	
725	0.358621	118	0.016949	157	0.974522	0.739212	725	0.358621	0.415000	0.449295	
699	0.306152	131	0.045802	170	0.970588	0.739212	699	0.306152	0.385000	0.449210	
725	0.285517	98	0.010204	177	0.977401	0.739212	725	0.285517	0.381000	0.449119	
679	0.318115	148	0.027027	173	0.936416	0.739212	679	0.318115	0.382000	0.449030	
719	0.257302	131	0.022901	150	0.940000	0.739212	719	0.257302	0.329000	0.448871	
713	0.273492	124	0.000000	163	0.901840	0.739212	713	0.273492	0.342000	0.448729	
706	0.270538	132	0.030303	162	0.895062	0.739212	706	0.270538	0.340000	0.448585	
654	0.262997	143	0.027972	203	0.931034	0.739212	654	0.262997	0.365000	0.448475	
693	0.341991	119	0.025210	188	0.962766	0.739212	693	0.341991	0.421000	0.448439	
628	0.264331	106	0.000000	266	0.958647	0.739212	628	0.264331	0.421000	0.448403	
598	0.200669	98	0.010204	304	0.947368	0.739212	598	0.200669	0.409000	0.448351	
623	0.235955	111	0.027027	266	0.917293	0.739212	623	0.235955	0.394000	0.448279	
624	0.246795	96	0.000000	280	0.921429	0.739212	624	0.246795	0.412000	0.448232	
649	0.289676	104	0.000000	247	0.971660	0.739212	649	0.289676	0.428000	0.448205	
693	0.314574	105	0.009524	202	0.980198	0.739212	693	0.314574	0.417000	0.448164	
724	0.337017	116	0.008621	160	0.975000	0.739212	724	0.337017	0.401000	0.448103	
740	0.277027	86	0.034884	174	0.959770	0.739212	740	0.277027	0.375000	0.448007	
769	0.291287	92	0.000000	139	0.956835	0.739212	769	0.291287	0.357000	0.447889	
776	0.271907	87	0.000000	137	0.985401	0.739212	776	0.271907	0.346000	0.447756	
760	0.253947	94	0.021277	146	0.945205	0.739212	760	0.253947	0.333000	0.447607	
742	0.238544	83	0.024096	175	0.954286	0.739212	742	0.238544	0.346000	0.447475	
733	0.306958	99	0.010101	168	0.934524	0.739212	733	0.306958	0.383000	0.447391	
651	0.241167	96	0.020833	253	0.956522	0.739212	651	0.241167	0.401000	0.447331	
624	0.277244	92	0.000000	284	0.897887	0.739212	624	0.277244	0.428000	0.447306	
647	0.231839	106	0.000000	247	0.914980	0.739212	647	0.231839	0.376000	0.447214	
652	0.299080	108	0.000000	240	0.954167	0.739212	652	0.299080	0.424000	0.447184	
653	0.281776	112	0.000000	235	0.965957	0.739212	653	0.281776	0.411000	0.447137	
616	0.298701	110	0.000000	274	0.857664	0.739212	616	0.298701	0.419000	0.447101	
621	0.259259	127	0.000000	252	0.908730	0.739212	621	0.259259	0.390000	0.447028	
619	0.284330	106	0.000000	275	0.949091	0.739212	619	0.284330	0.437000	0.447015	
645	0.241860	103	0.000000	252	0.972222	0.739212	645	0.241860	0.401000	0.446956	
644	0.282609	108	0.000000	248	0.939516	0.739212	644	0.282609	0.415000	0.446915	
649	0.244992	109	0.000000	242	0.925620	0.739212	649	0.244992	0.383000	0.446833	
619	0.166397	88	0.022727	293	0.945392	0.739212	619	0.166397	0.382000	0.446750	
674	0.385757	105	0.000000	221	0.954751	0.628259	674	0.385757	0.471000	0.446781	
631	0.347068	92	0.000000	277	0.826715	0.628259	631	0.347068	0.448000	0.446783	
644	0.355590	110	0.000000	246	0.930894	0.628259	644	0.355590	0.458000	0.446797	
647	0.344668	103	0.000000	250	0.956000	0.628259	647	0.344668	0.462000	0.446816	
662	0.324773	104	0.000000	234	0.944444	0.628259	662	0.324773	0.436000	0.446803	
659	0.308042	89	0.000000	252	0.928571	0.628259	659	0.308042	0.437000	0.446790	
659	0.347496	99	0.000000	242	0.975207	0.628259	659	0.347496	0.465000	0.446813	
654	0.348624	108	0.000000	238	0.949580	0.628259	654	0.348624	0.454000	0.446822	
662	0.338369	112	0.000000	226	0.955752	0.628259	662	0.338369	0.440000	0.446814	
697	0.319943	95	0.021053	208	0.947115	0.628259	697	0.319943	0.422000	0.446783	
737	0.341927	103	0.009709	160	0.912500	0.628259	737	0.341927	0.399000	0.446722	
764	0.376963	80	0.000000	156	0.955128	0.628259	764	0.376963	0.437000	0.446710	
779	0.360719	86	0.023256	135	0.903704	0.628259	779	0.360719	0.405000	0.446658	
762	0.345144	89	0.000000	149	0.946309	0.628259	762	0.345144	0.404000	0.446604	
745	0.334228	90	0.000000	165	0.921212	0.628259	745	0.334228	0.401000	0.446547	
617	0.230146	91	0.021978	292	0.917808	0.628259	617	0.230146	0.412000	0.446504	
598	0.242475	102	0.009804	300	0.920000	0.628259	598	0.242475	0.422000	0.446473	
680	0.339706	138	0.014493	182	0.972527	0.628259	680	0.339706	0.410000	0.446428	
730	0.346575	117	0.008547	153	0.954248	0.628259	730	0.346575	0.400000	0.446370	
724	0.357735	118	0.042373	158	0.930380	0.628259	724	0.357735	0.411000	0.446326	
729	0.342936	119	0.025210	152	0.973684	0.628259	729	0.342936	0.401000	0.446269	
654	0.299694	160	0.018750	186	0.860215	0.628259	654	0.299694	0.359000	0.446161	
712	0.356742	133	0.007519	155	0.890323	0.628259	712	0.356742	0.393000	0.446095	
691	0.350217	145	0.027586	164	0.902439	0.628259	691	0.350217	0.394000	0.446030	
723	0.334716	106	0.028302	171	0.947368	0.628259	723	0.334716	0.407000	0.445982	
722	0.346260	128	0.023438	150	0.973333	0.628259	722	0.346260	0.399000	0.445924	
725	0.342069	111	0.045045	164	0.890244	0.628259	725	0.342069	0.399000	0.445866	
709	0.325811	95	0.042105	196	0.923469	0.628259	709	0.325811	0.416000	0.445829	
673	0.338782	112	0.000000	215	0.934884	0.628259	673	0.338782	0.429000	0.445809	
678	0.320059	102	0.000000	220	0.959091	0.628259	678	0.320059	0.428000	0.445787	
657	0.353120	97	0.000000	246	0.971545	0.628259	657	0.353120	0.471000	0.445818	
654	0.357798	106	0.009434	240	0.970833	0.628259	654	0.357798	0.468000	0.445845	
649	0.342065	121	0.008264	230	0.978261	0.628259	649	0.342065	0.448000	0.445847	
668	0.305389	88	0.022727	244	0.971311	0.628259	668	0.305389	0.443000	0.445844	
671	0.327869	102	0.000000	227	0.955947	0.628259	671	0.327869	0.437000	0.445833	
642	0.367601	115	0.000000	243	0.938272	0.628259	642	0.367601	0.464000	0.445855	
641	0.357254	115	0.000000	244	0.930328	0.628259	641	0.357254	0.456000	0.445868	
687	0.339156	102	0.009804	211	0.924171	0.628259	687	0.339156	0.429000	0.445847	
712	0.373596	107	0.009346	181	0.944751	0.628259	712	0.373596	0.438000	0.445838	
625	0.356800	113	0.000000	262	0.977099	0.628259	625	0.356800	0.479000	0.445878	
642	0.333333	115	0.000000	243	0.971193	0.628259	642	0.333333	0.450000	0.445883	
669	0.336323	97	0.000000	234	0.978632	0.628259	669	0.336323	0.454000	0.445893	
636	0.327044	103	0.000000	261	0.896552	0.628259	636	0.327044	0.442000	0.445888	
652	0.372699	107	0.000000	241	0.966805	0.628259	652	0.372699	0.476000	0.445924	
641	0.341654	101	0.000000	258	0.918605	0.628259	641	0.341654	0.456000	0.445937	
652	0.340491	100	0.000000	248	0.943548	0.628259	652	0.340491	0.456000	0.445949	
666	0.307808	110	0.000000	224	0.946429	0.628259	666	0.307808	0.417000	0.445914	
656	0.373476	107	0.000000	237	0.898734	0.628259	656	0.373476	0.458000	0.445928	
642	0.323988	109	0.000000	249	0.951807	0.628259	642	0.323988	0.445000	0.445927	
635	0.327559	98	0.000000	267	0.970037	0.628259	635	0.327559	0.467000	0.445953	
646	0.308050	106	0.018868	248	0.983871	0.628259	646	0.308050	0.445000	0.445952	
649	0.389831	106	0.000000	245	0.942857	0.628259	649	0.389831	0.484000	0.445997	
631	0.328051	124	0.000000	245	0.959184	0.628259	631	0.328051	0.442000	0.445992	
629	0.322734	113	0.000000	258	0.953488	0.628259	629	0.322734	0.449000	0.445996	
654	0.342508	97	0.020619	249	0.979920	0.628259	654	0.342508	0.470000	0.446025	
639	0.309859	96	0.000000	265	0.950943	0.628259	639	0.309859	0.450000	0.446029	
665	0.362406	107	0.000000	228	0.964912	0.628259	665	0.362406	0.461000	0.446047	
674	0.305638	104	0.000000	222	0.954955	0.628259	674	0.305638	0.418000	0.446014	
643	0.279938	110	0.000000	247	0.963563	0.628259	643	0.279938	0.418000	0.445980	
652	0.331288	116	0.000000	232	0.952586	0.628259	652	0.331288	0.437000	0.445970	
652	0.355828	97	0.000000	251	0.984064	0.628259	652	0.355828	0.479000	0.446009	
658	0.328267	82	0.000000	260	0.953846	0.628259	658	0.328267	0.464000	0.446030	
642	0.356698	99	0.000000	259	0.918919	0.628259	642	0.356698	0.467000	0.446055	
693	0.393939	92	0.010870	215	0.925581	0.628259	693	0.393939	0.473000	0.446087	
660	0.348485	102	0.009804	238	0.949580	0.628259	660	0.348485	0.457000	0.446100	
634	0.329653	119	0.000000	247	0.963563	0.628259	634	0.329653	0.447000	0.446101	
650	0.323077	105	0.000000	245	0.869388	0.628259	650	0.323077	0.423000	0.446074	
685	0.322628	102	0.000000	213	0.962441	0.628259	685	0.322628	0.426000	0.446050	
672	0.367560	93	0.000000	235	0.957447	0.628259	672	0.367560	0.472000	0.446080	
633	0.327014	112	0.000000	255	0.905882	0.628259	633	0.327014	0.438000	0.446071	
623	0.322632	121	0.008264	256	0.933594	0.628259	623	0.322632	0.441000	0.446065	
648	0.319444	103	0.009709	249	0.963855	0.628259	648	0.319444	0.448000	0.446067	
664	0.335843	92	0.010870	244	0.963115	0.628259	664	0.335843	0.459000	0.446082	
696	0.389368	107	0.009346	197	0.984772	0.628259	696	0.389368	0.466000	0.446106	
695	0.388489	103	0.000000	202	0.975248	0.628259	695	0.388489	0.467000	0.446130	
715	0.363636	96	0.000000	189	0.962963	0.628259	715	0.363636	0.442000	0.446125	
711	0.389592	99	0.000000	190	0.989474	0.628259	711	0.389592	0.465000	0.446147	
707	0.371994	93	0.000000	200	0.980000	0.628259	707	0.371994	0.459000	0.446162	
722	0.398892	87	0.000000	191	0.989529	0.628259	722	0.398892	0.477000	0.446198	
708	0.426554	81	0.012346	211	0.985782	0.628259	708	0.426554	0.511000	0.446273	
708	0.135593	107	0.000000	185	0.972973	1.208716	708	0.135593	0.276000	0.446076	
684	0.198830	102	0.019608	214	0.976636	0.898849	684	0.198830	0.347000	0.445961	
741	0.299595	89	0.022472	170	0.947059	0.720682	741	0.299595	0.385000	0.445891	
739	0.288227	86	0.046512	175	0.982857	0.720682	739	0.288227	0.389000	0.445825	
697	0.301291	110	0.027273	193	0.974093	0.720682	697	0.301291	0.401000	0.445774	
707	0.285714	94	0.000000	199	0.954774	0.720682	707	0.285714	0.392000	0.445712	
713	0.301543	111	0.000000	176	0.982955	0.720682	713	0.301543	0.388000	0.445645	
675	0.311111	96	0.010417	229	0.960699	0.720682	675	0.311111	0.431000	0.445629	
649	0.280431	81	0.012346	270	0.933333	0.720682	649	0.280431	0.435000	0.445616	
653	0.304747	113	0.000000	234	0.978632	0.720682	653	0.304747	0.428000	0.445596	
692	0.294798	108	0.000000	200	0.970000	0.720682	692	0.294798	0.398000	0.445542	
660	0.300000	112	0.000000	228	0.964912	0.720682	660	0.300000	0.418000	0.445510	
701	0.323823	96	0.000000	203	0.985222	0.720682	701	0.323823	0.427000	0.445489	
671	0.301043	101	0.000000	228	0.899123	0.720682	671	0.301043	0.407000	0.445445	
698	0.303725	106	0.009434	196	0.984694	0.720682	698	0.303725	0.406000	0.445400	
690	0.328986	101	0.009901	209	0.985646	0.720682	690	0.328986	0.434000	0.445387	
683	0.288433	87	0.022989	230	0.982609	0.720682	683	0.288433	0.425000	0.445364	
666	0.283784	127	0.000000	207	0.990338	0.720682	666	0.283784	0.394000	0.445306	
706	0.328612	94	0.000000	200	0.980000	0.720682	706	0.328612	0.428000	0.445286	
685	0.321168	112	0.000000	203	0.975369	0.720682	685	0.321168	0.418000	0.445255	
671	0.317437	117	0.000000	212	0.985849	0.720682	671	0.317437	0.422000	0.445229	
690	0.326087	107	0.000000	203	0.980296	0.720682	690	0.326087	0.424000	0.445205	
666	0.297297	116	0.000000	218	0.986239	0.720682	666	0.297297	0.413000	0.445169	
678	0.351032	115	0.000000	207	0.980676	0.720682	678	0.351032	0.441000	0.445164	
681	0.345081	108	0.000000	211	0.981043	0.720682	681	0.345081	0.442000	0.445161	
693	0.314574	105	0.009524	202	0.980198	0.720682	693	0.314574	0.417000	0.445129	
685	0.153285	53	0.000000	262	0.942748	0.720682	685	0.153285	0.352000	0.445024	
673	0.407132	86	0.011628	241	0.966805	0.538212	673	0.407132	0.508000	0.445095	
696	0.376437	99	0.000000	205	0.931707	0.593732	696	0.376437	0.453000	0.445104	
697	0.408895	110	0.009091	193	0.958549	0.593732	697	0.408895	0.471000	0.445133	
645	0.232558	128	0.007812	227	0.969163	0.891755	645	0.232558	0.371000	0.445050	
658	0.229483	123	0.000000	219	0.977169	0.891755	658	0.229483	0.365000	0.444960	
662	0.252266	129	0.000000	209	0.947368	0.891755	662	0.252266	0.365000	0.444871	
672	0.229167	116	0.000000	212	0.957547	0.891755	672	0.229167	0.357000	0.444773	
675	0.213333	97	0.010309	228	0.964912	0.891755	675	0.213333	0.365000	0.444684	
672	0.250000	113	0.008850	215	0.990698	0.891755	672	0.250000	0.382000	0.444615	
659	0.251897	111	0.000000	230	0.982609	0.891755	659	0.251897	0.392000	0.444556	
663	0.251885	106	0.000000	231	0.982684	0.891755	663	0.251885	0.394000	0.444500	
693	0.232323	109	0.000000	198	0.994949	0.891755	693	0.232323	0.358000	0.444404	
673	0.233284	116	0.000000	211	0.995261	0.891755	673	0.233284	0.367000	0.444318	
674	0.157270	64	0.015625	262	0.988550	0.891755	674	0.157270	0.366000	0.444232	
714	0.261905	72	0.027778	214	0.985981	0.687476	714	0.261905	0.400000	0.444183	
685	0.277372	137	0.029197	178	0.949438	0.687476	685	0.277372	0.363000	0.444093	
678	0.290560	124	0.024194	198	0.959596	0.687476	678	0.290560	0.390000	0.444034	
702	0.282051	140	0.028571	158	0.949367	0.687476	702	0.282051	0.352000	0.443932	
644	0.276398	126	0.031746	230	0.960870	0.687476	644	0.276398	0.403000	0.443887	
642	0.333333	137	0.007299	221	0.977376	0.687476	642	0.333333	0.431000	0.443873	
698	0.328080	128	0.023438	174	0.959770	0.687476	698	0.328080	0.399000	0.443824	
743	0.337820	102	0.019608	155	0.967742	0.687476	743	0.337820	0.403000	0.443779	
695	0.317986	129	0.046512	176	0.982955	0.687476	695	0.317986	0.400000	0.443731	
675	0.321481	123	0.040650	202	0.985149	0.687476	675	0.321481	0.421000	0.443706	
702	0.347578	139	0.028777	159	0.974843	0.687476	702	0.347578	0.403000	0.443662	
715	0.327273	133	0.007519	152	0.986842	0.687476	715	0.327273	0.385000	0.443598	
675	0.299259	142	0.021127	183	0.994536	0.687476	675	0.299259	0.387000	0.443536	
751	0.310253	102	0.039216	147	1.000000	0.687476	751	0.310253	0.384000	0.443471	
738	0.317073	117	0.025641	145	0.993103	0.687476	738	0.317073	0.381000	0.443403	
662	0.320242	114	0.017544	224	0.995536	0.687476	662	0.320242	0.437000	0.443396	
734	0.316076	117	0.025641	149	0.986577	0.687476	734	0.316076	0.382000	0.443330	
696	0.336207	116	0.034483	188	0.989362	0.687476	696	0.336207	0.424000	0.443309	
769	0.335501	84	0.000000	147	0.986395	0.687476	769	0.335501	0.403000	0.443265	
704	0.318182	116	0.008621	180	0.988889	0.687476	704	0.318182	0.403000	0.443221	
749	0.315087	71	0.014085	180	0.983333	0.687476	749	0.315087	0.414000	0.443190	
705	0.312057	91	0.021978	204	0.995098	0.687476	705	0.312057	0.425000	0.443170	
705	0.319149	109	0.009174	186	0.973118	0.687476	705	0.319149	0.407000	0.443131	
713	0.357644	113	0.017699	174	0.988506	0.687476	713	0.357644	0.429000	0.443116	
716	0.318436	113	0.000000	171	0.982456	0.687476	716	0.318436	0.396000	0.443065	
702	0.354701	119	0.042017	179	0.994413	0.687476	702	0.354701	0.432000	0.443053	
716	0.335196	127	0.015748	157	0.980892	0.687476	716	0.335196	0.396000	0.443003	
712	0.304775	141	0.014184	147	0.979592	0.687476	712	0.304775	0.363000	0.442917	
686	0.349854	118	0.008475	196	0.989796	0.687476	686	0.349854	0.435000	0.442908	
700	0.310000	126	0.007937	174	0.994253	0.687476	700	0.310000	0.391000	0.442853	
723	0.264177	117	0.025641	160	1.000000	0.687476	723	0.264177	0.354000	0.442758	
751	0.338216	100	0.000000	149	0.979866	0.687476	751	0.338216	0.400000	0.442712	
715	0.314685	134	0.000000	151	0.953642	0.687476	715	0.314685	0.369000	0.442633	
745	0.296644	109	0.018349	146	0.986301	0.687476	745	0.296644	0.367000	0.442553	
756	0.291005	85	0.011765	159	0.987421	0.687476	756	0.291005	0.378000	0.442484	
742	0.293801	78	0.051282	180	0.977778	0.687476	742	0.293801	0.398000	0.442437	
652	0.260736	83	0.048193	265	0.969811	0.687476	652	0.260736	0.431000	0.442425	
631	0.198098	64	0.000000	305	0.970492	0.687476	631	0.198098	0.421000	0.442402	
642	0.314642	64	0.000000	294	0.979592	0.482069	642	0.314642	0.490000	0.442452	
674	0.357567	47	0.000000	279	0.949821	0.482069	674	0.357567	0.506000	0.442520	
648	0.390432	66	0.045455	286	0.965035	0.482069	648	0.390432	0.532000	0.442614	
696	0.466954	84	0.000000	220	0.954545	0.482069	696	0.466954	0.535000	0.442712	
697	0.391679	83	0.024096	220	0.895455	0.530823	697	0.391679	0.472000	0.442743	
704	0.440341	89	0.000000	207	0.922705	0.530823	704	0.440341	0.501000	0.442804	
678	0.398230	102	0.000000	220	0.900000	0.585517	678	0.398230	0.468000	0.442831	
674	0.388724	93	0.021505	233	0.935622	0.585517	674	0.388724	0.482000	0.442872	
684	0.378655	108	0.000000	208	0.947115	0.585517	684	0.378655	0.456000	0.442886	
686	0.392128	116	0.000000	198	0.969697	0.585517	686	0.392128	0.461000	0.442905	
685	0.372263	103	0.000000	212	0.957547	0.585517	685	0.372263	0.458000	0.442921	
692	0.397399	89	0.000000	219	0.954338	0.585517	692	0.397399	0.484000	0.442964	
718	0.381616	94	0.000000	188	0.968085	0.585517	718	0.381616	0.456000	0.442978	
694	0.404899	89	0.000000	217	0.967742	0.585517	694	0.404899	0.491000	0.443028	
667	0.206897	119	0.000000	214	0.981308	0.918788	667	0.206897	0.348000	0.442928	
620	0.174194	122	0.008197	258	0.961240	0.918788	620	0.174194	0.357000	0.442839	
663	0.259427	122	0.008197	215	0.976744	0.841699	663	0.259427	0.383000	0.442776	
663	0.251885	127	0.000000	210	0.952381	0.841699	663	0.251885	0.367000	0.442697	
690	0.252174	97	0.000000	213	0.962441	0.841699	690	0.252174	0.379000	0.442631	
648	0.271605	118	0.000000	234	0.952991	0.841699	648	0.271605	0.399000	0.442586	
660	0.184848	81	0.024691	259	0.891892	0.841699	660	0.184848	0.355000	0.442495	
696	0.478448	96	0.000000	208	0.942308	0.536150	696	0.478448	0.529000	0.442585	
669	0.316891	99	0.020202	232	0.918103	0.721924	669	0.316891	0.427000	0.442568	
662	0.312689	127	0.000000	211	0.976303	0.721924	662	0.312689	0.413000	0.442538	
688	0.316860	98	0.000000	214	0.967290	0.721924	688	0.316860	0.425000	0.442520	
689	0.326560	94	0.021277	217	0.930876	0.721924	689	0.326560	0.429000	0.442506	
653	0.298622	108	0.018519	239	0.953975	0.721924	653	0.298622	0.425000	0.442488	
669	0.273543	110	0.000000	221	0.981900	0.721924	669	0.273543	0.400000	0.442444	
688	0.335756	96	0.000000	216	0.953704	0.721924	688	0.335756	0.437000	0.442438	
705	0.306383	102	0.000000	193	0.937824	0.721924	705	0.306383	0.397000	0.442392	
654	0.293578	111	0.000000	235	0.931915	0.721924	654	0.293578	0.411000	0.442359	
684	0.289474	97	0.000000	219	0.949772	0.721924	684	0.289474	0.406000	0.442322	
678	0.374631	94	0.000000	228	0.982456	0.721924	678	0.374631	0.478000	0.442359	
682	0.280059	96	0.000000	222	0.923423	0.721924	682	0.280059	0.396000	0.442311	
670	0.282090	97	0.030928	233	0.974249	0.721924	670	0.282090	0.419000	0.442287	
637	0.251177	128	0.007812	235	0.974468	0.721924	637	0.251177	0.390000	0.442234	
656	0.214939	119	0.000000	225	0.973333	0.721924	656	0.214939	0.360000	0.442150	
650	0.293846	108	0.000000	242	0.950413	0.721924	650	0.293846	0.421000	0.442128	
617	0.286872	104	0.000000	279	0.949821	0.721924	617	0.286872	0.442000	0.442128	
637	0.279435	116	0.000000	247	0.983806	0.721924	637	0.279435	0.421000	0.442106	
620	0.277419	117	0.017094	263	0.950570	0.721924	620	0.277419	0.424000	0.442088	
616	0.284091	120	0.000000	264	0.973485	0.721924	616	0.284091	0.432000	0.442078	
638	0.275862	116	0.000000	246	0.939024	0.721924	638	0.275862	0.407000	0.442042	
614	0.294788	129	0.000000	257	0.968872	0.721924	614	0.294788	0.430000	0.442030	
632	0.280063	110	0.000000	258	0.976744	0.721924	632	0.280063	0.429000	0.442017	
655	0.276336	113	0.000000	232	0.974138	0.721924	655	0.276336	0.407000	0.441981	
655	0.293130	104	0.000000	241	0.975104	0.721924	655	0.293130	0.427000	0.441966	
656	0.292683	103	0.000000	241	0.979253	0.721924	656	0.292683	0.428000	0.441952	
624	0.259615	113	0.000000	263	0.961977	0.721924	624	0.259615	0.415000	0.441925	
657	0.280061	93	0.000000	250	0.972000	0.721924	657	0.280061	0.427000	0.441910	
639	0.284820	116	0.017241	245	0.979592	0.721924	639	0.284820	0.424000	0.441892	
642	0.289720	110	0.000000	248	0.959677	0.721924	642	0.289720	0.424000	0.441874	
660	0.287879	106	0.000000	234	0.970085	0.721924	660	0.287879	0.417000	0.441849	
627	0.280702	103	0.000000	270	0.985185	0.721924	627	0.280702	0.442000	0.441849	
655	0.290076	109	0.000000	236	0.978814	0.721924	655	0.290076	0.421000	0.441828	
649	0.322034	125	0.000000	226	0.969027	0.721924	649	0.322034	0.428000	0.441814	
697	0.259684	106	0.009434	197	0.964467	0.721924	697	0.259684	0.372000	0.441744	
697	0.248207	96	0.010417	207	0.908213	0.721924	697	0.248207	0.362000	0.441665	
