-804.681651
-800.866723
-754.476173
-755.812377
-754.367663
-753.482922
-754.113111
-753.219513
-753.860269
-753.694257
-753.810331
-753.803449
-754.114865
-753.204673
-755.435811
-754.313907
-756.412169
-753.519428
-754.425746
-754.895529
-757.588202
-754.070387
-753.794542
-754.807082
-755.977806
-755.199734
-758.477496
-755.053490
-758.272859
-757.479181
-754.768714
-753.809788
-752.746886
-751.293023
-754.543829
-760.795743
-754.224588
-754.198998
-756.835539
-748.524310
-751.796873
-750.460494
-750.389745
-750.448273
-748.784464
-749.775369
-749.347484
-749.974949
-751.191995
-749.020504
-748.039441
-750.043392
-748.519427
-751.441019
-748.557778
-753.106690
-750.751649
-752.043918
-749.073052
-752.566988
-751.510589
-748.752116
-749.408234
-749.258912
-750.391663
-750.576780
-749.897829
-750.741443
-748.654988
-749.086459
-749.613188
-752.369647
-748.245130
-752.912729
-754.496187
-753.440550
-752.274977
-750.163757
-750.745096
-749.303819
-748.725126
-755.260481
-741.987438
-740.743604
-699.153988
-684.216774
-667.778622
-671.385877
-656.444307
-653.815046
-646.428619
-648.100839
-647.644131
-640.108050
-638.482044
-640.559464
-638.288044
-638.025292
-639.810529
-641.187175
-646.360077
-640.461022
-638.226995
-637.813475
-639.455823
-638.989433
-645.492782
-645.385868
-642.921388
-640.588827
-641.700068
-639.720920
-646.268782
-648.976347
-648.131120
-650.125947
-652.435616
-638.554035
-640.063951
-639.220785
-637.814784
-634.996542
-637.757722
-639.670507
-633.528047
-634.839041
-637.240718
-639.878151
-642.267756
-639.492522
-637.612934
-637.610713
-637.804427
-638.243936
-638.819741
-640.213750
-643.348199
-647.353646
-650.531642
-651.376279
-651.279396
-650.248409
-650.843802
-652.008509
-650.211620
-650.491705
-650.888330
-653.770626
-651.276806
-641.625658
-640.360683
-651.237629
-649.886302
-652.507183
-651.121414
-649.739524
-651.495247
-650.071243
-651.325693
-650.111233
-649.730295
-652.195906
-650.373836
-650.409646
-648.113153
-651.339873
-649.810049
-650.760919
-649.034644
-649.165193
-654.521529
-652.597544
-651.445121
-653.515003
-653.033050
-652.691206
-654.397947
-652.834336
-653.762077
-655.825960
-653.017824
-651.753055
-649.688734
-642.570492
-637.274249
-638.256194
-650.015723
-650.180007
-649.735958
-643.193015
-651.658438
-649.697769
-648.915388
-648.008970
-649.276959
-652.728109
-647.553476
-648.304572
-637.899219
-637.422982
-639.830918
-640.011695
-639.835398
-637.542928
-638.922620
-638.960594
-638.470771
-638.339895
-638.056805
-636.967115
-639.993719
-637.662579
-641.255722
-641.922749
-638.616088
-642.555518
-641.736025
-637.908341
-639.924159
-642.603561
-649.853349
-647.821377
-641.115084
-640.151007
-638.849743
-640.612055
-641.135137
-641.096264
-641.440643
-641.946256
-637.550539
-636.317892
-638.631113
-638.186184
-636.923601
-636.128019
-638.159961
-638.542290
-638.193786
-638.672968
-642.624257
-641.034676
-639.258904
-640.111532
-637.630113
-641.879704
-641.564454
-642.183555
-638.496484
-640.406617
-642.095864
-640.223358
-638.775403
-638.253918
-639.800075
-637.655805
-631.658558
-637.607742
-637.771113
-637.312230
-639.237709
-638.909296
-644.381375
-642.971294
-643.492000
-644.241626
-645.286441
-644.237326
-645.209597
-643.100725
-643.144385
-644.041446
-643.162724
-644.142264
-643.141697
-643.224375
-645.736334
-645.562169
-644.919500
-645.558060
-646.016985
-643.601877
-645.757275
-646.408575
-643.937758
-645.445892
-646.103896
-643.321945
-644.716876
-644.687358
-644.332630
-644.058486
-644.451344
-644.333205
-640.821125
-645.072851
-647.137809
-645.922802
-640.721287
-638.842148
-641.385284
-640.286068
-639.851625
-642.962779
-642.264825
-642.417013
-642.750835
-641.922325
-642.829611
-643.245099
-642.376034
-641.198296
-638.909781
-639.610924
-643.586682
-639.004035
-639.954279
-640.258440
-648.842516
-646.318623
-642.254696
-642.148748
-642.962361
-641.765076
-644.642357
-645.616669
-640.678114
-643.662590
-645.297919
-640.613791
-641.117047
-638.733317
-639.506740
-638.944431
-639.059815
-639.250929
-641.026668
-645.500181
-645.516293
-645.514902
-644.599774
-643.619958
-644.405240
-643.099453
-641.235881
-641.794190
-641.417526
-643.234055
-641.694540
-641.525482
-645.178035
-641.688760
-644.886322
-641.819237
-642.956206
-641.467878
-641.791680
-642.996405
-642.159634
-646.144102
-648.033423
-643.690928
-644.041457
-644.727587
-645.093298
-645.807840
-644.835175
-647.805618
-646.506845
-644.515359
-645.552972
-647.496064
-647.788622
-644.887193
-646.879529
-645.668024
-645.244259
-644.729722
-645.180536
-651.508916
-646.522191
-653.901934
-650.087438
-649.122947
-648.690569
-649.163381
-651.755182
-648.995520
-646.837392
-644.455439
-648.696350
-648.563631
-655.853693
-650.347718
-650.133095
-651.635441
-651.737499
-650.400619
-645.266675
-645.700000
-646.413743
-646.950672
-646.997943
-647.067600
-645.473671
-645.480950
-645.580556
-646.078512
-644.670216
-644.483181
-642.096196
-643.049543
-643.168109
-651.475387
-651.724210
-652.976400
-649.287639
-646.923995
-649.825264
-646.525355
-650.563354
-645.102582
-645.212570
-648.263553
-644.914063
-647.419022
-647.159217
-656.540408
-653.603333
-651.783254
-650.132073
-648.639704
-649.383229
-647.185514
-647.500953
-646.699489
-642.134478
-649.379538
-648.154184
-648.009819
-645.556218
-648.529113
-649.844889
-646.158094
-645.270338
-649.238248
-645.162436
-645.328581
-644.154943
-642.877825
-645.323470
-645.772399
-645.973167
-646.824845
-647.526134
-647.673863
-649.182583
-648.234464
-644.231343
-646.682923
-647.066856
-646.250114
-647.501904
-651.883921
-645.918423
-646.497153
-648.408693
-647.979338
-648.926106
-646.646490
-645.626329
-645.181398
-641.568975
-645.913023
-643.029769
-647.209090
-644.249237
-643.899638
-644.574135
-645.098586
-643.282966
-644.380607
-643.708110
-645.024317
-643.805103
-643.993403
-645.947229
-645.415822
-646.736672
-643.254518
-643.428545
-649.285079
-646.103314
-641.250310
-644.668496
-643.845681
-641.240124
-637.960841
-639.404495
-640.971979
-639.958679
-640.080636
-649.012813
-643.986651
-645.483785
-648.929194
-642.812132
-644.000875
-642.922036
-646.087056
-643.027133
-647.085377
-643.526757
-642.664836
-644.857061
-645.288814
-644.971265
-645.179247
-644.050281
-643.302516
-642.976372
-645.210909
-643.235402
-646.011512
-646.819378
-646.149090
-644.559456
-643.640343
-643.902711
-643.788374
-645.101140
-645.395591
-646.061032
-643.201004
-643.954032
-642.740250
-643.794094
-645.027617
-642.970356
-644.330439
-645.056277
-643.491953
-640.986887
-641.388762
-645.655705
-646.635382
-647.563466
-648.505258
-644.259744
-646.502088
-644.825480
-644.764976
-643.283573
-643.014422
-643.216015
-645.293947
-645.667054
-650.253395
-645.525105
-642.450271
-643.379278
-644.218878
-642.555713
-644.435514
-647.173227
-645.260239
-645.146295
-645.571332
-645.207020
-645.528548
-646.548612
-645.530777
-648.067131
-645.710149
-643.948770
-643.191692
-643.101879
-647.799910
-644.477103
-643.149423
-643.367740
-644.870481
-642.292568
-639.124004
-641.876788
-640.414463
-640.498150
-642.207578
-644.049374
-650.431345
-647.018575
-644.014750
-647.643464
-646.752371
-645.490105
-645.392089
-645.136188
-647.001704
-643.913980
-647.352237
-645.682479
-644.807999
-644.319362
-648.844477
-646.441800
-644.288293
-643.031710
-644.444160
-646.790688
-646.288743
-645.186750
-644.070144
-645.875780
-645.935222
-644.513231
-650.177452
-645.887290
-644.661762
-644.811231
-645.025277
-646.833773
-649.405220
-644.637943
-644.297143
-644.741668
-645.217902
-645.100898
-645.749207
-641.254863
-644.869884
-644.587312
-640.712442
-639.097253
-641.898493
-642.526903
-642.052086
-640.183848
-639.796387
-641.172403
-639.797998
-640.561658
-640.313296
-650.051131
-645.792204
-646.776604
-644.449256
-646.799275
-648.345680
-644.229572
-643.466826
-645.175117
-646.282952
-646.437470
-644.435093
-644.675689
-648.534189
-648.525024
-648.305207
-645.612848
-646.263433
-645.177695
-645.017468
-643.065165
-644.375833
-642.977696
-644.522882
-641.777788
-642.666345
-648.411820
-645.632008
-648.707212
-647.294410
-647.027542
-646.478798
-644.045838
-643.838038
-644.097869
-644.542148
-644.591586
-645.172302
-643.805293
-644.107093
-644.025398
-644.860438
-643.910947
-644.106198
-643.699364
-641.744795
-643.913568
-646.185997
-643.083492
-642.261688
-643.288890
-648.022050
-640.943463
-641.609250
-642.557583
-641.188429
-641.754851
-641.875597
-641.971298
-640.483767
-641.152174
-641.482204
-642.262106
-642.149421
-644.827486
-641.179207
-640.927191
-641.164884
-640.554385
-641.597244
-646.086799
-645.052407
-644.674267
-644.376315
-644.437754
-642.135017
-642.371989
-641.987234
-645.333225
-644.085164
-644.433049
-643.413643
-643.190739
-644.871717
-643.827397
-642.998655
-643.325129
-644.884981
-647.280843
-648.162535
-646.454798
-644.721557
-648.993951
-643.695758
-644.186552
-643.044391
-643.439922
-642.488006
-643.114114
-643.174402
-643.431470
-643.365443
-644.029935
-644.526338
-643.812552
-642.864170
-643.690624
-642.666107
-644.315461
-644.152949
-647.412950
-642.653588
-643.615102
-647.315192
-644.178965
-644.378610
-643.576385
-643.912338
-644.092969
-644.190098
-646.095892
-650.286186
-645.804779
-644.035148
-643.429005
-643.008175
-645.299838
-646.544664
-645.272756
-645.468466
-644.326772
-645.429844
-646.127755
-646.677366
-647.322852
-644.906185
-645.057235
-642.983182
-643.901988
-642.337500
-642.451061
-642.619840
-643.160265
-642.007829
-643.525272
-643.180930
-642.844845
-645.450472
-642.442527
-642.972593
-642.686024
-645.043451
-652.693187
-650.483814
-648.983256
-647.999018
-646.443508
-647.575908
-647.549414
-647.053928
-646.554172
-649.571104
-646.231048
-646.275035
-649.101323
-651.263583
-651.348802
-645.133282
-645.243031
-645.938165
-645.039278
-646.229984
-637.827161
-644.767011
-635.194925
-634.590185
-634.012419
-633.660567
-636.837709
-633.430807
-634.170468
-634.405278
-633.570778
-646.447662
-644.457939
-635.378594
-636.601194
-637.582166
-641.000824
-638.615399
-638.732041
-638.179098
-639.318933
-640.676621
-634.585352
-646.497811
-635.022132
-639.051923
-643.717983
-641.529269
-643.288436
-642.614737
-641.652394
-642.224909
-638.906002
-636.312523
-640.195301
-640.298002
-641.482055
-643.015552
-638.705644
-640.076867
-639.148960
-639.664692
-639.328202
-640.180492
-637.882889
-642.514505
-638.133394
-638.472192
-637.579437
-640.155066
-638.813663
-640.714413
-640.850159
-640.010128
-640.268403
-637.329858
-638.171759
-638.085864
-639.011303
-642.279410
-640.223927
-639.027098
-637.040467
-641.263526
-641.928896
-638.498791
-639.030529
-637.586811
-638.441192
-637.308870
-640.165965
-637.122303
-637.491957
-638.327969
-637.084943
-637.191131
-638.015888
-639.358954
-637.672515
-636.105208
-636.778148
-638.154962
-641.020878
-638.091727
-640.160869
-638.049954
-642.789244
-644.092727
-641.775161
-642.500735
-643.423890
-640.725473
-640.395261
-641.692761
-640.948981
-640.220487
-639.941873
-641.878206
-641.188790
-641.830962
-641.520958
-642.840893
-646.996317
-641.500440
-641.108443
-642.670273
-644.557182
-643.817690
-642.531066
-642.586735
-643.865048
-645.559688
-640.892994
-641.642048
-638.495573
-638.678997
-639.101822
-636.927667
-638.184361
-638.936027
-638.226131
-638.501889
-636.950044
-638.119200
-638.729773
-639.436566
-640.525756
-641.656694
-642.066779
-642.249794
-643.160606
-642.933569
-642.938189
-643.169381
-642.218708
-641.502221
-639.689669
-640.663344
-643.331839
-643.808269
-644.311628
-644.227046
-643.837454
-644.016615
-646.965872
-644.012359
-642.381683
-645.838453
-647.129454
-643.185560
-644.021441
-645.840068
-643.973000
-642.679203
-641.687154
-641.346512
-645.132319
-645.567928
-646.371598
-643.445152
-645.466338
-644.306361
-645.272662
-644.327902
-643.956646
-641.687407
-642.657222
-643.185594
-642.007292
-643.412070
-643.000280
-640.423812
-640.748362
-643.395271
-641.996008
-641.132821
